1
13
2
4 10
3
5 19 20
4
4 19 25 33
5
3 10 11 21 30
6
6 12 14 28 41 52
7
14 28 30 41 54 62 69
8
13 25 38 46 48 60 71 81
9
11 26 28 32 36 46 59 70 83
10
14 19 32 39 47 56 70 75 88 95
10
3 17 19 28 29 42 53 63 74 84
10
8 19 27 39 45 59 73 75 86 90
10
2 5 6 15 30 35 48 60 75 83
10
8 9 17 19 23 30 43 55 61 76
10
14 26 41 42 55 69 75 85 99 107
2
13 24
2
15 24
2
8 16
2
4 16
2
13 21
10
11 19 30 39 48 61 76 91 94 105
20
2 3 18 23 24 38 53 67 73 79 82 94 100 108 115 122 133 147 162 175
30
5 19 33 48 57 69 75 77 91 98 101 113 123 136 144 152 158 163 167 181 191 194 195 201 203 207 217 226 234 239
40
12 17 20 30 31 33 45 47 51 64 75 89 100 110 116 123 129 143 157 166 177 180 188 202 204 212 216 219 230 232 245 259 272 287 302 315 316 320 327 338
50
13 24 38 41 54 55 57 58 59 73 82 94 107 117 127 135 146 159 164 177 179 193 208 215 229 242 246 259 262 263 275 282 293 303 304 305 308 310 318 321 336 337 343 347 350 365 376 381 385 392
60
2 3 7 12 19 28 36 42 51 54 55 66 70 78 81 89 96 109 119 128 136 151 165 167 177 184 192 202 217 218 231 232 233 242 247 262 264 269 281 283 290 302 306 308 319 326 335 337 348 359 361 371 381 396 407 418 432 436 441 454
70
7 20 22 31 45 55 66 78 93 98 104 105 110 125 137 147 149 153 163 166 169 172 184 198 211 214 217 224 237 239 243 254 268 281 285 289 296 302 317 323 333 338 345 352 364 374 375 380 394 396 403 411 416 426 433 442 455 456 463 465 467 470 482 489 504 511 514 520 532 534
80
12 20 25 37 42 50 57 65 73 77 82 83 88 103 107 109 123 130 141 147 159 162 167 178 193 204 211 215 226 240 245 259 273 275 285 295 304 313 315 323 335 348 349 357 370 381 382 385 388 391 406 412 417 422 431 436 443 458 466 475 480 493 500 510 516 525 530 544 546 559 573 578 589 595 607 622 623 627 629 639
90
3 6 20 25 26 27 28 38 44 50 62 75 77 83 86 97 110 116 118 127 129 141 152 162 175 190 193 203 217 220 230 238 244 252 256 262 277 288 295 301 302 312 322 331 346 359 363 367 377 382 387 391 400 415 428 434 448 455 470 474 484 493 504 511 512 526 538 546 555 565 578 579 583 590 599 609 620 624 637 650 651 653 654 663 672 677 691 698 701 714
100
6 17 25 39 45 48 59 73 83 84 86 97 103 112 120 133 148 155 156 171 172 183 190 200 212 219 234 237 242 251 264 267 272 284 292 294 300 310 325 333 343 344 347 354 356 358 369 370 371 383 398 399 406 419 430 440 452 462 474 482 485 486 488 502 507 516 531 541 544 558 560 565 572 584 587 595 600 614 629 634 644 650 656 664 675 683 685 692 694 707 713 724 729 737 739 748 749 750 754 765
0
