1000
98 4 46
5 4 81
67 19 16
100 1 1
62 46 1
7 62 58
66 25 14
28 43 83
91 86 32
69 25 52
98 42 24
34 59 57
13 21 19
97 96 54
47 8 15
48 86 21
65 42 19
46 13 25
7 84 93
29 16 45
76 21 60
22 28 37
97 58 73
11 73 54
95 11 94
12 88 91
23 7 39
20 94 40
24 60 67
61 89 91
79 74 13
100 97 2
57 41 42
94 75 65
95 29 87
68 23 60
1 95 53
82 32 14
68 63 40
99 95 91
65 18 82
18 69 54
34 29 37
6 45 79
90 98 72
82 2 69
85 73 67
16 66 92
21 57 20
52 58 41
66 17 16
52 79 8
46 74 16
67 89 59
21 88 44
58 20 9
23 3 100
56 35 42
50 22 62
2 47 93
81 53 85
100 37 76
1 52 5
75 97 59
20 46 23
7 54 41
51 39 32
84 70 75
86 23 47
8 88 1
70 70 72
78 28 15
1 87 71
36 22 35
99 26 64
16 20 69
42 8 52
75 91 13
42 35 78
34 67 6
52 96 17
85 93 63
51 34 61
4 38 5
85 9 98
7 34 65
21 26 87
34 92 69
56 44 57
97 18 34
47 88 70
88 93 40
10 34 82
74 24 4
81 38 96
28 58 46
57 48 78
94 30 67
21 89 97
66 16 67
16 48 34
84 75 56
17 2 33
85 74 65
73 44 1
85 85 71
41 62 75
85 68 41
91 61 19
94 30 5
17 6 40
70 25 2
6 12 13
71 8 8
72 84 72
100 66 13
46 60 87
32 27 27
14 60 30
72 15 93
95 52 21
80 25 64
85 55 91
69 26 21
97 61 94
30 5 55
10 87 38
3 19 75
12 25 45
23 66 83
59 43 87
77 18 99
94 73 33
99 70 27
23 89 93
43 97 35
91 41 56
95 44 79
55 98 32
25 18 17
9 67 98
100 54 94
82 89 7
20 73 83
35 81 8
93 79 38
78 56 13
8 67 44
87 22 56
35 73 75
78 13 34
36 93 63
44 33 42
25 12 74
55 71 46
41 48 10
8 3 76
33 70 76
100 55 38
66 20 11
52 90 42
69 91 72
79 91 11
1 7 59
97 10 17
0 10 42
86 14 22
8 44 91
36 4 21
62 59 95
97 87 65
12 3 26
46 26 68
31 37 19
0 71 40
23 24 41
4 11 83
82 94 57
54 7 5
10 55 4
51 22 21
19 59 93
24 1 68
61 6 25
43 81 99
86 89 75
61 30 32
84 58 8
69 62 92
8 92 17
28 95 81
22 42 25
26 20 90
93 21 57
56 84 29
16 79 40
95 20 58
2 86 38
8 34 45
18 95 60
42 65 78
5 92 68
12 83 57
65 81 74
6 54 76
58 91 89
56 43 8
19 32 69
36 87 6
45 38 11
24 81 77
15 87 67
79 6 20
72 68 30
53 6 61
48 16 37
93 5 46
97 40 45
71 28 11
45 54 78
16 12 2
95 22 15
55 82 52
88 7 40
81 79 13
16 5 23
96 28 17
0 89 69
38 2 57
76 5 76
85 85 34
100 74 54
25 68 86
39 85 37
27 97 67
29 72 80
76 82 99
78 92 39
27 56 28
53 48 15
21 80 63
25 61 69
0 2 42
31 43 35
33 20 79
60 87 90
74 27 60
55 37 9
47 68 48
58 63 62
31 30 58
77 75 10
77 23 24
50 20 90
24 98 37
53 92 12
54 83 44
50 69 97
35 16 42
60 29 94
14 84 31
16 97 9
89 80 48
2 21 41
37 87 8
39 43 22
51 36 99
28 12 87
1 54 73
22 34 52
98 6 75
10 22 75
61 95 87
90 70 34
56 83 72
52 36 12
29 75 87
58 86 97
67 23 25
85 7 21
53 76 77
50 42 68
65 70 12
34 74 94
66 96 69
67 77 35
80 70 89
10 34 81
100 6 94
77 46 98
73 100 14
87 20 40
27 23 72
78 21 43
44 27 57
79 94 60
75 9 23
98 39 27
19 78 93
33 17 14
20 18 1
65 48 46
53 90 67
84 5 4
74 76 22
53 77 48
66 75 25
92 55 47
4 79 33
6 33 77
17 36 76
91 35 47
6 36 66
54 70 59
56 61 7
59 89 41
23 7 3
52 22 97
54 86 32
16 10 4
99 60 89
0 42 24
80 22 42
11 10 80
2 100 54
64 76 28
13 64 42
85 16 71
1 90 31
7 21 17
61 85 22
32 38 20
59 19 85
13 42 34
36 17 39
45 58 69
70 57 74
16 93 89
1 74 53
64 16 62
41 54 55
10 33 21
86 92 88
46 59 25
83 77 98
98 38 32
38 27 52
97 48 53
26 2 42
35 87 31
87 93 35
54 12 86
60 4 61
78 12 26
4 25 17
61 87 41
64 96 55
82 87 30
45 19 56
59 75 32
49 79 11
54 8 62
98 31 67
84 40 70
46 83 61
72 96 80
48 100 27
61 56 2
2 1 3
22 61 99
53 52 65
55 94 1
62 86 17
55 84 13
75 63 74
82 77 39
57 66 7
13 63 44
56 65 95
22 4 96
63 73 6
4 62 87
2 98 62
32 81 7
72 9 77
6 74 68
25 43 87
74 77 38
25 54 15
39 72 57
53 66 72
91 10 57
31 15 100
53 89 74
31 46 91
71 75 25
85 12 5
30 83 16
86 22 44
83 77 15
1 45 6
79 7 62
22 15 99
31 9 91
15 40 98
91 48 60
38 13 25
97 69 86
66 96 69
81 16 88
87 37 39
13 98 74
84 90 42
5 20 37
73 43 35
19 32 19
63 53 74
8 7 32
50 27 13
57 64 92
43 82 22
52 27 39
65 77 89
67 68 52
10 38 38
97 24 78
14 19 22
81 30 41
34 68 35
16 54 82
76 84 67
97 7 12
84 38 75
93 24 72
25 55 35
59 31 96
34 27 91
22 95 30
37 33 85
52 33 14
51 32 31
34 66 96
35 72 76
8 13 21
30 25 5
34 44 71
76 7 28
57 28 81
96 100 18
49 2 81
99 92 73
57 76 70
31 8 81
75 37 68
88 40 84
61 53 3
44 68 69
11 92 53
99 62 71
65 46 89
95 53 33
74 35 91
94 6 97
92 31 9
53 48 96
44 31 91
44 71 96
35 43 32
100 47 93
73 9 85
52 10 20
70 44 46
17 24 45
95 92 84
80 2 41
30 44 90
78 23 25
100 91 95
77 61 9
86 41 9
99 70 86
2 59 23
100 33 89
26 57 61
10 32 14
95 85 18
37 54 52
97 82 93
96 31 25
62 44 84
67 60 99
37 24 17
84 63 8
77 83 32
70 42 40
49 60 88
13 62 100
83 21 71
46 18 82
90 37 82
0 44 99
54 98 4
84 95 42
97 40 88
2 20 12
90 69 60
36 67 58
73 81 29
54 84 77
43 54 4
87 5 14
3 40 45
56 80 4
22 89 58
100 18 7
88 58 41
47 85 3
27 65 77
3 38 18
43 82 18
32 71 93
34 15 71
75 56 53
98 96 13
25 63 58
91 5 25
83 53 23
48 38 28
92 100 81
92 7 98
50 78 61
90 47 68
82 55 91
27 39 58
43 89 76
18 66 28
41 85 26
73 66 59
82 97 70
100 89 76
33 56 65
79 88 11
89 86 90
67 53 15
11 83 30
30 57 67
31 11 66
45 83 96
79 26 26
93 68 55
10 86 69
21 17 22
49 42 78
59 83 100
13 46 10
49 86 5
56 6 32
88 64 68
6 54 76
5 5 86
67 94 53
15 12 1
32 96 39
48 62 3
12 39 71
76 78 55
9 100 8
79 29 41
58 27 76
16 74 2
84 98 25
3 82 67
42 7 15
89 21 73
38 18 100
24 8 15
48 59 23
43 99 74
94 13 95
1 94 5
80 5 56
81 8 37
80 32 67
12 72 83
47 66 45
67 5 11
100 31 11
56 82 23
61 29 41
64 15 25
41 98 74
42 73 40
99 99 99
99 97 98
53 80 34
68 94 26
70 91 100
94 53 82
83 56 97
61 58 61
69 82 83
33 55 85
10 28 72
34 16 89
44 95 98
45 70 62
64 82 82
57 75 37
54 18 72
52 68 11
19 77 96
98 23 27
10 72 100
29 42 62
13 94 70
79 48 79
12 71 89
42 63 85
3 8 88
71 76 48
69 3 81
69 74 98
69 11 77
13 28 46
27 23 13
19 61 77
7 68 97
77 46 25
40 29 19
67 43 16
74 13 7
1 55 20
5 21 40
75 18 61
100 9 27
68 85 59
42 25 39
47 27 41
28 53 36
10 33 56
72 69 8
65 91 93
8 78 93
93 85 66
51 61 55
38 18 74
42 4 54
67 56 15
53 5 47
33 29 79
81 38 43
78 71 68
35 45 55
94 29 22
38 92 85
68 88 5
30 9 85
52 72 19
80 78 67
99 13 4
13 9 61
37 56 98
28 11 21
17 69 21
81 64 71
37 73 10
61 65 100
82 19 81
84 63 23
12 55 55
4 47 1
72 21 28
2 72 59
64 20 30
12 8 16
50 95 41
79 13 6
89 74 71
36 60 91
54 53 91
96 97 9
25 69 7
37 62 67
61 11 61
93 28 75
53 28 74
87 37 94
3 22 39
80 60 28
44 65 58
15 48 19
92 4 28
90 93 62
7 38 80
13 82 4
0 54 4
21 63 84
93 62 88
57 87 8
73 93 3
57 38 52
38 87 35
61 18 70
46 71 15
36 54 38
86 7 52
73 32 97
76 45 72
70 87 37
65 83 43
51 57 31
93 91 57
81 14 29
6 26 84
90 24 63
41 88 72
66 43 12
0 57 27
27 69 53
71 81 41
37 77 96
89 48 39
13 35 36
82 42 37
67 45 63
5 19 45
28 44 77
91 83 54
55 32 37
89 99 82
12 100 82
63 18 95
44 4 23
93 61 47
87 12 14
25 40 82
69 77 100
2 35 88
21 81 30
21 66 14
93 37 34
60 98 27
79 48 76
43 24 79
44 60 67
17 79 13
63 47 47
55 4 97
68 13 87
5 47 9
84 79 77
25 65 34
13 9 38
3 98 22
86 15 32
37 43 86
79 31 94
55 93 15
77 67 94
16 58 27
1 69 27
15 14 85
45 39 5
90 78 19
57 52 31
17 75 28
48 77 79
34 64 3
35 99 22
78 84 95
38 8 35
67 54 42
41 32 82
96 67 6
50 22 39
26 63 84
6 23 99
55 77 36
21 1 14
14 72 37
19 77 72
85 86 56
17 53 33
58 36 22
13 68 39
55 58 79
92 82 14
12 59 63
16 81 80
19 41 36
79 4 33
58 18 38
47 92 81
76 9 32
54 73 68
77 31 9
62 48 83
72 45 65
90 48 65
56 48 75
16 35 59
45 4 63
95 62 96
67 48 15
100 61 33
47 39 84
70 88 73
20 60 5
18 75 8
87 78 17
40 32 40
50 65 61
34 78 21
39 68 98
92 3 36
38 20 36
62 17 11
82 86 16
91 10 23
78 22 46
100 84 31
87 81 48
87 63 13
25 43 2
33 6 28
28 46 55
13 99 9
91 25 16
77 21 90
22 14 70
93 8 68
88 27 3
88 45 37
17 26 74
88 17 100
39 42 75
17 89 70
34 21 80
73 6 68
20 2 14
36 64 15
43 19 26
95 85 81
46 13 67
97 16 13
32 10 75
89 84 47
38 6 39
0 55 55
35 22 38
7 13 96
36 69 53
66 69 9
18 22 25
59 8 29
25 60 20
74 9 58
76 41 73
52 27 3
46 38 10
53 22 1
67 45 84
100 23 20
87 66 72
98 80 87
51 37 95
55 65 61
75 68 11
52 44 12
38 10 22
18 75 3
29 81 85
52 79 95
4 1 83
100 6 31
4 57 29
60 5 38
43 48 99
69 44 38
85 2 99
81 4 75
3 83 27
86 75 33
52 37 89
57 58 89
91 77 4
98 22 42
5 34 58
91 77 63
7 56 41
28 9 52
92 80 87
67 95 83
100 64 45
67 14 93
94 54 91
29 2 60
4 64 27
77 89 85
86 82 81
75 71 84
35 55 45
11 78 3
73 60 73
13 55 55
29 71 99
1 42 57
11 97 8
45 61 96
36 41 40
16 66 96
92 67 54
26 91 40
60 52 78
58 99 46
100 45 18
27 81 7
79 87 63
16 86 46
6 97 77
57 92 78
40 31 94
62 18 5
6 37 12
17 17 24
61 71 58
17 31 57
93 6 84
69 18 21
35 8 16
15 90 92
67 3 26
34 99 40
71 83 38
99 58 92
62 90 75
18 61 15
29 36 86
33 18 17
19 87 86
44 5 97
12 65 66
2 93 86
31 47 82
100 84 72
96 23 25
33 84 61
31 40 41
31 90 6
88 55 34
25 25 97
51 46 69
73 67 79
39 39 55
7 72 10
27 63 72
83 81 21
88 76 98
43 72 63
61 12 61
0 68 90
17 37 79
91 74 34
95 24 55
57 76 73
16 81 32
22 41 17
11 69 57
45 94 28
2 77 57
15 28 37
15 81 62
35 55 63
75 53 41
77 83 58
98 69 74
9 70 2
15 19 12
85 84 21
41 97 68
88 98 54
78 12 41
33 44 96
14 10 10
9 3 8
46 100 80
63 39 40
11 32 65
13 15 91
99 8 69
21 53 4
15 29 66
70 29 55
34 38 11
29 21 13
94 30 1
97 14 17
22 84 76
91 96 80
41 20 71
