5 2
2 -2
-5 -2
-3810 2617
-6486 9887
7674 -5151
-5076 6188
9021 993
-1576 1038
-5141 -8710
-3258 -5793
1517 4523
-2539 717
157 1989
-5420 -2028
-76 926
-1890 866
-5517 -5090
2001 -848
7105 -7721
1949 3553
716 -271
-8334 8690
2085 -243
3368 -4885
-698 -1041
-9628 -9467
7115 -6830
4156 2731
1677 -24
-6847 2787
318 -6848
9424 -3376
-8652 5457
1315 1099
-3029 -2724
7404 -4274
6976 4944
526 2345
9552 -6523
-6763 188
2462 2056
-3787 5491
5583 -6168
9361 8049
5387 3688
4914 -5945
349 267
-2066 2283
-931 -2185
-3586 -1327
8638 6623
-3494 2771
2468 -1476
-4493 212
204 -366
-4495 -3999
3382 -8325
3442 -7530
4053 2506
-2545 3071
-5560 -2231
-5926 7349
-4028 -1801
206 -106
847 -7418
4129 -4311
-2588 -2318
863 -9106
-2290 -7989
7253 6848
-6200 -4131
1989 2361
9389 6834
5368 407
5008 1951
5949 5436
3299 -3428
-4411 -1621
3842 3857
7427 2633
4670 3388
-9903 7771
1182 3875
220 87
5904 6313
-1116 1803
-3680 9683
-8498 9046
95 -253
-938 3209
-1482 -1335
7237 3642
3093 8081
1901 -1473
2615 3954
-3583 -3569
-9159 -4521
2741 -2168
-1875 -2866
1554 -2956
-58 438
1060 -934
6149 -1115
-2932 -1255
-2720 5943
9009 -48
-8208 -5287
677 -9640
-1423 -2644
-3277 -4832
-8018 6815
6506 5059
4795 2790
2610 8788
4104 6678
1150 -2936
712 -4784
1476 -4710
-4752 -6130
-9475 4651
7549 3960
542 -720
-9510 673
3925 1303
5399 -4343
3138 -337
2369 -2744
-1657 1455
9717 -8666
1389 9081
-4397 1687
7874 5518
262 4233
-2556 -3879
7965 733
2569 -3706
-4031 -2191
-61 -854
-374 885
1594 1452
-4015 -5151
1310 1568
3133 -955
-7214 -3179
-647 -726
1330 8634
4794 -8545
-1240 1507
-3234 301
-5416 6021
3291 -7119
781 1751
-8502 -4916
-2552 -3042
48 -115
46 1
3491 -6280
2968 3446
-5105 -4162
961 1140
220 950
9314 -4676
3027 1459
278 953
-4580 -9872
5704 -9277
-1367 789
3929 -3523
757 145
-4178 -2888
187 471
-5575 1980
-8140 -1506
1643 -404
-6954 3500
7325 2256
-4275 -6592
-4880 -5384
-2578 -4051
8118 -610
-5488 -5535
439 1633
-4710 -2074
-2036 -6103
895 -263
-4269 -2440
1993 1775
-4143 1003
4058 9720
-2978 -2232
4569 -4092
2191 9996
-4274 9190
-181 160
8023 8312
-9820 7174
-3839 810
-2736 3915
-1712 -577
8417 -7681
-2202 1028
-3619 7739
1114 -726
-1633 -6565
-1898 1558
4034 -7878
242 238
-4735 4073
-4519 -5119
-9939 -6639
-306 -71
6891 8934
8262 -6188
1758 -1543
9560 5013
-9078 -1605
4575 -9367
7695 -1101
-989 4441
-7413 -294
-9404 -2003
2330 -1358
6163 -2512
-6698 -1331
-565 3438
1702 3282
9195 -2484
7150 -990
-1761 -774
7800 -1039
4512 -4017
657 -34
147 -1846
-128 -3699
-8010 -8775
-1446 9210
-6128 5083
-5799 -1809
1301 -5949
4544 -5165
1426 -7211
-8227 9075
5893 -1920
-1296 -490
-8056 1187
7488 -3446
9352 -3356
-6779 1822
6841 -5530
-4800 1782
-47 8942
363 4163
1234 -2716
-1486 -1352
1691 5532
-9978 8601
-5371 5420
-9218 -5019
4325 3144
-701 767
8474 6936
-7176 -356
109 -1638
-8717 9078
-8567 -2591
-7313 40
-6778 -2253
3949 -1687
4477 -7210
-3651 -240
-6576 -6906
6675 -7155
1053 3617
-5428 3853
3124 -9552
2228 2109
1383 3568
4255 -5184
-9432 -2564
-1837 -2992
-184 -1225
3664 2178
2269 4064
336 -1118
1567 6263
-7725 6900
50 -7095
4725 -4891
7010 345
8630 5849
-6893 6297
-7998 -3243
4334 -1132
534 -487
-9623 5855
-2278 -2331
1401 2961
4574 5904
5589 -5269
-6206 -5269
-1898 -5457
-300 -49
-4624 2787
-4308 7229
1072 6823
-6298 9288
-6808 -7483
-4711 -7835
-2711 -1252
-2987 1755
6821 9104
-3799 -4876
4341 -8369
-2591 6710
4194 -7494
8776 8988
-682 -9313
7889 5345
2661 1733
-2944 1582
-3570 -4163
-3913 -3991
7989 -2300
907 -3410
-4038 2652
2739 -5573
-9715 -330
3048 -4144
2889 -1822
1664 6928
-9915 -4180
7121 -9068
-2485 9915
-6712 -3929
2267 2471
-7852 -3573
665 -1040
9326 -4114
-3096 -9210
6175 579
2795 -6544
1234 -3339
-2174 4235
5877 -6197
6949 -7644
-2312 8908
1773 6686
4640 -142
5245 -181
-1841 349
2936 2731
8713 -9149
1002 3350
-343 -6267
8696 7695
5196 -2671
3697 3152
193 1728
-327 1176
-3288 2201
-4986 4464
4014 -2893
-6991 2394
4059 3859
-4588 -2587
1680 -2707
4867 4469
6813 6702
4929 276
390 -6584
-9652 1560
6130 3560
-4625 334
574 2485
2122 1091
8804 -8204
2728 6968
3525 -9797
-2224 327
3553 6325
-4005 -1121
391 5750
2247 -5105
-2386 -4414
1879 -3532
2297 1436
1803 -6526
-774 -950
-9060 9853
-3541 -9881
2027 8174
1102 -373
3874 1610
1289 2684
-1822 2503
5899 -5305
3254 692
634 -5738
9571 -7614
-2121 -8904
-934 -7969
2249 -4084
-1975 2520
-465 368
-1524 -3148
-6608 -8564
-363 -1141
-3251 -2120
1171 -1744
-5730 1442
-2565 -2030
5369 -4562
-2495 4297
-6591 -7933
-4357 7693
-5449 1838
8851 -7766
-4414 2231
-9645 -8830
-214 -45
-303 -3710
-854 8211
-1918 666
-4585 -9900
-4352 -1053
4003 4348
6869 -5963
-4387 -4181
3028 4111
4545 -6447
-2482 -1130
-5665 9233
-3097 -4875
-2913 818
2591 -1260
102 1884
-9615 -6464
609 6999
-3211 8913
-9497 -428
-244 -104
8698 -5478
35 -2241
-9208 -6627
1633 9201
3641 9377
-150 -518
1020 -503
-2913 280
1824 -8841
8516 3293
-3975 -7081
8880 -7659
-1410 1235
8829 6393
-1800 -5925
4542 -7639
1020 1418
954 -5097
1965 -1176
764 1193
-5337 182
2539 1303
8610 3082
-4232 -1138
-2962 -5582
-8163 1100
5551 -7206
-2276 -3482
4786 -5419
1180 945
-303 -4183
-913 -4178
6058 6899
-2889 -3551
-8516 -9866
-1737 -3344
-2526 -7999
6076 -1619
2445 16
50 2956
-9419 9836
7421 4752
9246 2460
-1443 851
-3373 -8557
-7156 4643
-8239 8858
8614 8596
1153 906
-4917 7594
1630 -6582
6703 6725
8921 5025
-2715 -561
6560 7208
2550 222
155 -88
2176 8866
792 7561
-5995 -166
-4663 9976
-2550 -5540
5908 -662
8914 677
8363 1810
-6825 259
-8838 7447
-1118 7447
-2635 -3804
5822 -4671
4784 -1769
-2448 6613
-1178 -1581
7703 6945
-1369 9504
-1688 4819
-509 4034
1457 337
-9849 -5401
1425 -875
-5873 -3876
-137 3101
-8991 -6938
2866 9753
3857 -906
-208 8872
1835 351
5212 -6099
-3034 -3135
-5322 1796
-4157 -8397
-2593 -3923
1480 -6201
-3760 -7342
2243 1124
8841 1926
-169 -100
-8497 5658
-6582 -6169
-8863 -7283
-1112 -4757
1470 -6833
898 6844
-123 325
-1138 3136
6878 861
145 -24
1184 2980
1974 -2064
7587 1558
-2729 1279
-260 2561
-4076 -6038
-3223 2596
8875 -1387
-8383 -7112
-2856 2462
-2456 -1355
4411 1678
-9302 -586
2077 4638
-633 3950
6930 7744
3158 8133
155 1586
-8957 -4462
2246 -3634
7851 6728
1871 917
-7276 256
6081 -243
-3964 -7651
2106 -7168
1373 -2434
-3196 -1262
-6100 -6445
2440 -6214
-7593 -2529
8688 -1178
-3100 958
-5480 1700
3325 -1908
7465 -4825
-441 -1955
7748 8254
765 489
3536 -2858
-5603 -4519
-2930 4518
-9925 -6546
335 -178
4679 -4523
-550 -5183
-5428 6559
-6587 5741
-809 -391
-897 -2126
6615 -1082
-6264 9661
-1448 -729
5654 9326
2159 -4752
-2789 4621
-395 -13
9639 -1528
-4706 2676
-1469 8876
6415 -1724
-923 -1209
8756 8867
-6392 -4350
-9111 358
1815 -4561
-1543 -1693
-7124 -1483
2317 -1118
1347 -7692
8638 5849
5724 -8643
9820 -3675
4011 -2325
3223 9246
846 1621
-8640 6753
-7853 -4361
3047 5290
3556 -1181
-356 2638
7960 8174
2185 -553
181 142
-4914 -1391
7124 8752
-443 -6572
1850 -3937
-386 102
-6221 -6004
4217 9590
-3285 -4399
-4566 -6761
385 1381
-6837 -4387
7550 -1418
4636 -738
9952 4637
-3659 -2197
1886 -1545
-6248 7172
-9367 -4348
4080 155
8071 32
-444 6648
7382 -7830
9338 -4327
122 -1844
558 -421
9470 3164
-3019 184
3665 3548
-8655 4549
9986 -2908
-6636 2197
7096 8854
-1347 4609
503 -448
3122 -8817
3818 -2384
-2053 -1444
233 3717
-3940 -3073
5186 -1993
4228 6656
2948 -6345
261 281
-119 -54
-3422 -568
-4884 -221
1196 -3123
1881 -3492
788 -2699
8651 -3970
2746 -6871
8763 -5727
9699 -1749
6660 -6772
-5947 856
-2882 -137
5 -2378
-6692 5937
-1739 43
2018 -8246
676 9335
-1546 4556
-5961 6815
9101 -892
-2504 5930
411 -2177
1171 -1500
1881 -3929
3301 2944
9796 5873
1102 -2169
9542 8204
-9743 5737
4203 5275
-3021 37
-363 -364
1204 -477
-1345 9292
6109 9813
9827 9260
7613 2036
-2953 8824
-29 -234
302 -90
3424 7185
145 -2660
8218 1109
-6389 213
6370 -400
-2175 -3571
1937 933
9693 7113
-1091 -1523
-5361 1532
-7461 2346
-821 680
-1658 2377
515 -788
7506 427
6297 -752
3145 -2034
8491 -4592
3743 1104
-5244 -8874
-5441 -3470
8878 5201
1478 4981
2086 3461
-25 339
7687 4604
1427 4135
9543 -3683
-2151 2390
9299 -7880
3308 7730
1392 4287
9798 2695
-361 2364
-4865 -3550
-1408 3354
-904 1754
-9214 5303
8739 7131
5209 -6323
-858 -127
-2654 3306
36 -11
4876 2032
7979 -9472
9004 -8898
8128 6382
-8093 -9467
775 -3598
-7219 6962
2168 -3065
1649 -463
-3083 724
3778 -7558
342 258
-1338 8034
-1798 -4593
6586 -1038
2370 -211
-3602 3394
7278 7099
3737 1823
7780 2319
9376 -4368
-4327 -402
5580 448
6940 786
-9463 -6232
531 -2133
-2965 1309
-489 4432
-7506 -9287
5517 -1993
5338 4386
3208 6119
3910 4941
-4740 9007
-6541 5481
634 -2288
508 2659
-27 8236
-2705 -3850
1231 -1296
-6464 5702
8340 -4525
8828 -7563
1195 1039
-372 -1648
1334 1876
-5275 -7385
-4957 -1360
-4396 4894
-3747 -5036
7280 5997
-4921 4775
-2737 -1968
-7193 -1087
8661 -5996
4824 1272
1540 313
3581 -9094
-6273 -1107
-7724 6150
-9498 -599
-4502 -3541
1153 -1407
34 -104
-293 1360
9774 -2193
4436 -986
3308 231
4379 3635
-8541 -3625
5522 -7566
1296 -1711
-383 4163
-1361 770
-3528 -5350
2167 -1447
5031 -9184
1313 -2545
-8212 8592
3544 7580
-1751 8603
7956 -4046
-7830 5594
-2053 1317
-6092 -7439
202 7012
2193 3672
2986 -5478
-9615 -7163
-4336 7051
-5286 -7244
-248 -6230
-1622 3424
-4359 3583
-587 -3967
-7465 -9348
1476 -4744
3314 -4135
-3396 -958
-8077 -6262
-4345 -1887
-6978 -5381
-7374 5800
-7224 4655
8660 -5215
-2531 -4278
-4586 1055
-9152 3807
-8330 2898
2769 5619
-5650 2184
-4783 -4445
-2741 4152
-42 481
-4636 4259
-718 -4149
2414 5521
-4499 2112
2983 -491
406 -5688
-9072 -4769
-6561 -6564
909 4364
-4796 -7876
-945 -1981
103 7511
1728 -3580
-5348 6562
7389 4139
3643 5239
-9513 7990
-8561 -8319
-1024 3318
-2400 5846
2097 4925
1642 1873
212 51
-7984 -9346
7735 -9125
-620 63
-1505 -3475
4015 -4862
-8730 -1582
2993 -2116
-323 -1206
1301 4879
8640 -3030
-6720 -2212
8715 3838
3048 1865
7238 -4153
-1729 -1896
-2695 -91
9949 4405
-3682 -482
7784 -2586
-1096 -1627
-2415 -461
-6242 -80
223 3359
-6427 -7101
3432 2752
-3323 -3035
-7714 9964
-2438 8574
5153 -9833
-1801 436
-202 234
9046 6141
9699 429
-271 -9128
8877 8341
3359 1304
5128 5936
-859 -4945
9292 3355
506 -192
2777 -4753
2130 -5575
4635 -7801
-189 8124
1931 -9087
-2885 -1033
3976 8912
761 498
4163 -1736
89 -573
1535 5740
2277 -1535
299 121
-4729 -3720
-8412 2775
4137 -8001
-3938 953
2077 -381
7887 94
3825 -3598
-8845 221
-821 -1700
7460 -7900
-96 -78
9727 -2135
-652 -5585
-638 757
-330 298
-8741 -1930
-9795 1911
3451 1164
-4523 1468
1555 -2557
-7774 8119
7097 -2745
9287 7125
9744 8381
3790 -2223
1669 -6392
-162 -1579
-49 2001
8000 -3799
8430 2361
-8782 7593
2326 -4949
1710 4859
177 269
-799 453
351 -373
-2551 2634
-321 -7945
-178 144
-5714 3815
8007 1433
1865 -848
2583 4056
-270 -9887
7834 -6863
-5620 -9353
-9947 -2391
-3787 4047
49 4187
4612 567
-1433 6260
-486 6503
-544 569
9116 314
-5266 -3339
854 2977
-1101 2073
6621 5885
374 523
-1195 988
-7311 -3317
7483 869
-4714 -7474
-5915 -8297
3404 -632
-5426 1518
1718 994
-2318 -90
-9018 -8323
3918 5462
-3868 -505
3774 -8012
6791 4898
-655 2201
3154 -5276
793 4521
-1398 213
-8558 -2047
3924 -876
-296 229
6727 1285
2256 -883
6007 -3880
-2617 -5228
1257 2973
-3688 150
163 -8015
-7334 -1356
4959 4349
-1131 750
33 7
-858 -6247
5530 9530
-5316 5439
4363 2133
1727 2194
2672 -2202
8219 6138
-47 2083
-2434 -9273
9074 -8623
-3646 1920
-9801 6076
3022 -9017
-8626 4484
406 -332
-336 439
-765 -224
-1042 -536
2741 3595
106 -9188
2500 2083
6157 -1193
-161 3186
30 14
396 1982
-1613 -3399
1041 -4246
2893 378
610 -1991
5915 4174
6559 -4872
-8256 150
646 342
-1491 9117
783 4383
1060 618
-1789 -9557
9389 2193
-2961 -933
-7746 3318
-1842 667
1420 -3284
8042 1705
-1119 1207
8129 -3573
8694 5934
9029 -3212
-17 933
7402 -5322
-9037 339
-7697 -3374
8428 9524
5124 -1105
-3510 8190
-1104 -8459
-3730 -703
4606 -1129
-8961 -8335
133 427
-7108 6427
7232 2993
-7939 8246
6187 -5898
949 2436
2286 2620
6344 -7374
389 -473
75 -9213
-1771 -1071
8927 -5395
-3356 -1680
-5891 7568
-4646 -4512
2055 1490
-4644 285
6391 8967
986 -5730
-9957 3178
-145 -2272
1220 -1667
-957 1202
248 -2087
3252 2233
1436 -2634
-987 4760
-6863 -6678
-3950 1814
-3743 8954
2503 4159
-317 -4254
-2572 -3734
5733 -4677
-40 -62
-1960 918
-7676 -5271
-5504 -3313
-243 -1135
-6447 -88
1634 381
1274 -1826
9777 -630
-8219 -8732
-1648 -2895
-4795 6756
-6525 -133
-107 2627
2627 7710
-495 1331
7996 -1809
-3233 3146
-1649 -1583
-2598 -9207
-4587 8810
-5385 1935
987 -3513
-3889 4645
3647 5139
-3062 -8667
4189 -9372
-5988 -7044
109 -999
-576 -428
3503 153
-6709 8887
-8495 -629
2008 -2143
5550 -655
340 513
-9194 5938
7965 -9538
-132 6007
-6476 5071
3470 -8687
501 6716
2543 613
7719 3044
-7457 6980
-525 -2186
-6849 3021
-6609 5711
-986 -429
50 -1737
-764 -18
6151 7858
5998 903
-6575 -3989
-1608 1311
-6478 8753
-1487 -4197
-2652 -1817
-1719 -4692
-511 -597
-13 16
-4234 2038
122 1832
3000 -3711
615 -1918
-8909 -9256
-541 -2870
-1649 -7521
571 1306
-2107 -3119
-6432 -3516
449 766
-493 4772
698 -3933
452 9044
-5583 -6723
2234 -1115
2127 9921
-6445 782
3712 7043
1985 -4159
2060 -2514
2123 -2392
-90 -3433
-9330 -7728
8618 -743
-8628 -2717
-4075 2057
425 -2208
-8302 8464
-5332 7824
-3149 9627
6870 -7151
6566 -1037
6813 4667
-8452 -9740
-7353 -1143
-7154 1769
88 -77
-9028 -7201
-5402 -4487
-5973 -9543
7032 2919
-4763 4722
-1778 1000
-6928 3966
1047 4024
-7003 -7432
9033 4947
3505 468
1465 500
-4951 7085
1462 -282
6627 -989
402 280
-7926 3173
6737 5996
-982 -304
-5821 8282
4295 -4333
2373 -6312
539 74
4432 -2015
8543 -6769
-663 -127
2924 -684
2525 -5558
-210 -2617
-2337 -5052
-8005 -3944
-4678 -625
-5450 -4818
-4798 -1308
1082 -1024
3944 5220
2499 3267
8998 -4979
-1882 -1585
1432 6271
4835 -8785
4760 -2857
-4060 3239
-8379 9289
8982 -3716
5969 218
-4663 -4789
-6295 -9454
-1469 -3013
1812 -5458
-6746 8387
5275 1844
1821 -2317
-18 -231
638 9865
-5015 1790
2385 -4513
1914 182
-8449 4070
2258 -2103
-6064 -4650
9104 7237
1648 -1673
713 6748
4080 -4776
9024 -7820
-9743 2764
-1424 5939
5287 -3361
-9051 2909
1628 -5794
4676 -8033
6371 -3926
-9803 -4449
-4980 319
86 8383
-300 896
8143 -4792
-6101 -1796
-1100 2072
-2029 -1988
5655 -8911
-7155 -2645
-6143 1364
-119 4526
2200 -391
1549 -8424
9355 -4073
3114 3389
5492 2530
-2755 -3607
-3252 4768
-543 443
6137 -8336
-2303 4493
-2739 -9382
5043 4492
3681 968
5455 1585
4164 8874
-1085 -684
-2783 9885
955 -9285
2435 2544
-7145 6256
-89 -1986
1006 -4225
6293 1889
-5253 3395
-9685 9906
6269 -2532
-940 -8927
-2080 -3436
-5254 -2296
9860 2978
-6696 7866
-466 3643
362 781
-2283 -5181
-2985 2325
-8643 -6859
-2920 -27
-7358 -2497
1602 4367
3034 1482
2109 6941
-5701 -1449
-3741 1294
-4157 -332
4649 2042
2379 -2225
1123 -1595
526 6183
25 102
25 167
1907 -563
-6590 -9541
1213 -4555
87 5823
-1542 1880
-8567 4000
9119 -5017
-9692 6979
-2178 2513
-5740 7185
-2820 3099
-1276 -9402
3013 -5412
-1223 3423
6247 -3714
-7194 7516
-4728 4215
646 2598
-4895 -769
-5718 3568
235 140
-2611 -1031
2030 9984
3984 -2527
3242 -1377
7919 8865
-4472 -8658
2225 4153
-7081 -8785
7624 -9904
745 253
1266 -8453
-3835 8954
-1650 -3169
4106 1274
3544 -998
2798 7843
-2761 4348
206 -489
1956 -5705
-1420 983
-5748 -2386
4085 3399
1395 -1102
3705 1133
-1633 872
4156 8741
-9699 8911
2166 6548
1171 1672
-4362 -9887
-2046 1489
-7720 8312
3316 1031
8990 3586
3628 -4984
-4766 -7335
-40 -8608
978 -8498
-6841 -7900
8640 4309
-6087 1314
9269 -4113
456 -946
-266 -2951
-8053 7758
289 -243
-7254 -8518
-1504 -8057
-7370 7679
-110 -3048
4526 -12
5812 -8237
-270 749
6820 -4152
-6956 -5971
5489 -4478
-2173 3791
-9744 -4284
-3309 2472
-4225 1275
-9707 8463
7594 -1832
9596 -3990
-2756 7534
-1622 5103
-2107 -9174
6615 -1527
2800 1757
295 1063
4038 5167
5875 -4281
4611 2735
4953 7177
-6824 1747
2703 3274
2128 -3884
-108 759
-6991 -5714
1430 1766
1936 -1839
3702 443
-8259 -7027
830 1366
-2460 -8392
-6420 -8379
468 227
4799 8215
1541 -9735
3161 1493
-878 -1241
3331 -1280
-8374 -5330
9079 -195
2907 -7602
5574 -8359
5879 -65
111 -125
-4911 5570
-8219 2225
-8535 -1149
-1334 -3143
8 23
-534 7653
-393 185
196 2291
3304 1191
-1385 -1237
1571 2956
2274 -8268
-5559 -498
6131 1894
6257 5918
-6427 -3657
5006 1919
-7496 -1034
4625 9171
8354 -843
5078 -3361
9262 1362
3245 -2983
7094 -4841
1534 1617
-3527 -3767
459 1915
-1317 1041
7436 7000
-5584 482
-1810 -4082
-1699 -1417
9251 3451
6393 6556
-5887 -9294
170 740
4476 -4400
-4033 -7509
9163 471
-5184 8794
8018 -120
8104 535
-1542 1153
9951 2922
3528 6505
1877 -5414
9119 -2345
-7077 -8940
-21 -17
-621 5140
-1199 -3605
-1401 4867
3951 776
5681 -3614
8634 888
-6276 -1696
277 -383
-7607 7308
535 -215
-3052 -2645
434 2375
9211 9038
-8073 -1884
6 157
-3182 2640
-3328 -2352
-5311 -4651
-2109 -571
4102 118
-6488 5982
8096 2054
4596 3935
2235 3273
982 -3218
-258 2504
822 2313
6611 -3426
-2604 -1535
5911 9696
-1240 -4167
-468 -4407
-4555 4801
5133 8805
-6528 1307
7041 6647
3658 -4258
-2855 2096
-667 -2782
7785 -3299
-3213 -3898
-6831 -4759
-2257 -1671
-60 2124
9232 5744
-6239 855
-24 576
3326 -8096
-4730 -1951
-383 5150
8025 9943
-895 1470
-5668 -5672
-5491 -2840
-2140 4591
1694 -7511
-537 8026
4344 2434
9750 7693
-942 -1668
-891 -375
-122 9485
78 -2393
9414 -5785
-7766 1339
-3738 -2439
1617 -556
-5561 -2586
-8760 -4307
3287 -2300
-9411 7018
-9765 -2566
-1075 769
-4721 4853
523 454
4785 -4503
-6885 3295
194 3437
-3596 -3141
1545 -1654
-2974 -1590
8000 -2356
-4602 2587
-1741 2357
3732 -582
-1853 -193
723 -2127
-3568 -4984
-4282 -9045
-10 46
5160 4022
-7448 -7597
-7078 7153
-407 234
-7362 -5726
4909 3510
7344 9062
-8447 -1593
-3934 3320
-1633 1755
-266 3195
1401 -3960
-4182 6783
-757 -4090
114 -7658
-577 -731
-2043 4859
-5999 -9816
3693 9713
3803 -3597
6315 -8347
9831 3081
-3837 1828
-1 -109
-3203 -9638
-2701 -1412
-538 -641
-2892 -5095
2093 204
-172 176
5325 -9267
513 -5464
-2820 2653
2273 3692
5825 -7976
-6187 9853
-2081 -5401
2406 1721
6823 496
-1057 4291
-6103 -5033
-66 -2609
-808 2374
6905 1541
6595 -6108
5584 -7564
-1057 -4805
-4243 4265
-6469 -9566
-9606 -182
1469 -5960
-6352 1046
-1038 -3970
1655 4910
-2225 7723
-3041 -2072
2139 -8524
8482 3786
-361 3318
21 -18
6443 729
-4527 4090
-4723 3282
1325 4209
-6213 756
2083 -6608
6914 3269
730 -1448
-1716 -1351
-2428 -2850
5 4
-5060 4481
-2754 -2330
5718 7237
-7885 9454
-9437 8461
-2679 -8707
-4633 4851
1909 2505
9158 3588
8004 -8209
-2153 -266
-3270 -1847
2870 4096
-6115 8000
9197 -5821
7052 -3876
2657 -8580
-803 1413
-379 -282
3024 -7379
4624 1050
2811 7697
-3479 8175
-351 283
-3412 3122
8346 8467
112 1978
-8050 -3682
183 3110
736 273
-2455 -3469
-55 -88
3012 604
-7409 -7417
-1190 3163
-214 -4584
-2865 2987
-3021 -1124
3106 1509
8690 -2625
-6824 687
441 -4178
-7040 -1353
2217 3599
-1735 -2191
1272 -2057
9323 2531
2453 1127
3512 4940
810 1009
-9042 739
-2251 1146
3595 -4290
8997 9924
9769 7817
-8628 -240
-1536 -953
-8555 207
1926 -1387
-3479 -3533
-9813 5552
-1712 -50
9599 7108
4 -1572
-2052 1997
-5621 -1394
9593 -4056
-1257 1455
-484 -771
6532 -803
-1330 -1060
-2604 862
9891 5857
4594 -595
1004 699
2541 8060
940 241
-8029 8280
8981 8324
1801 -8352
4099 -6792
7932 -5581
-4196 1168
2 -45
-4732 538
9015 9924
-1737 951
3484 -3489
814 7760
-2114 3663
-4805 -883
-7877 -2669
-1344 -8687
-271 -8253
4930 5261
1578 1789
-2417 1610
4584 -2727
2070 7349
1150 4993
-3355 7457
7729 -60
-3658 -3601
240 3109
2079 3074
2629 -4812
-81 -3756
-2447 -997
3213 -1082
-5093 -808
-108 -1028
-3252 6931
1526 4116
1699 -970
283 545
-2737 6602
3995 -5496
318 7262
2682 -9441
-7085 789
1754 -6393
565 -804
-1599 8738
5109 4251
331 -1197
3111 -2220
-581 2746
-3054 -1097
1523 -1164
8281 -1399
1996 7293
393 -70
1070 -2632
-8349 -6639
-4819 9629
7906 -7727
8063 -3482
-3950 -4810
4709 2957
2444 -4820
-1357 -301
-3417 6759
2997 576
8767 1035
7470 -9318
-1492 -1163
-7841 4390
7764 4787
-76 273
-7708 -5625
-4211 4355
-2928 -8079
1007 427
7801 8411
-8120 987
2408 -3954
5177 1583
6000 2576
-581 -1517
-3295 1956
4034 1241
-2243 -2188
5153 -5968
186 3506
4076 -4462
801 -4608
4328 1405
1576 -6277
844 -4939
294 -1341
446 -962
-3429 -3123
-7140 -4375
-153 320
6891 -7266
-3472 -7904
3433 4678
3648 -2633
2000 -1908
-679 -8485
3023 -2113
2904 -8484
-1669 1292
-449 8411
-1386 7921
4787 -1813
3586 -821
2394 -54
-512 387
6879 7750
-6385 649
4502 -4807
-616 -4116
7442 3970
-14 9235
1211 1161
5118 90
-699 -456
-8026 -3252
-617 -612
-9867 2678
-1213 -1102
-1049 4207
-2956 -4873
-8648 -9807
-4775 -19
2837 -9901
-4282 4163
485 -674
467 -3035
546 4964
2107 1885
-941 1300
2110 42
-9773 -1986
-3320 5174
4939 4520
8276 6770
-1373 -1282
3549 2145
-5985 3933
-113 110
-8101 -3013
-708 -1359
957 8958
1594 9984
2946 2731
1616 1631
1449 1353
-247 -1003
4081 9556
9831 -2946
-1893 -2039
2036 1391
-7746 -2938
-8223 -9493
7238 -7400
-4662 -6361
-2697 -8187
3722 -747
2309 -1480
-3439 -8034
3623 2258
-7354 -1578
-1129 3397
421 7369
-2637 -3614
-1727 6804
8103 -9413
6045 9489
-2932 25
-1138 -1753
-1892 1180
-1340 5739
-413 1550
-3532 -271
-93 -211
-972 -680
-611 -119
1662 1666
6693 -8405
7779 2016
-3670 2680
7611 4707
9716 2663
6184 -9964
5778 -9095
-5021 3621
3584 -554
2088 1834
-7921 4787
-392 -109
-6590 -1766
-5043 8625
8655 -7108
-2077 2905
1959 -7886
-7894 -3427
2274 3666
771 352
222 7418
7285 9532
-6285 4046
-9943 1109
-9508 6787
51 -5966
-3668 3229
-3535 3384
-1080 2485
-5334 2631
2125 1018
-304 -1575
5494 -2275
-4430 -7010
6385 -8187
-3470 -9226
8756 -1884
-7124 827
2440 -7255
9184 -6055
9449 -8031
2024 -9670
-4747 6118
-3097 434
-5633 -5389
-2329 264
-4771 -8194
-592 1062
972 -1068
1706 -3846
-9912 5275
3253 -4348
192 221
2043 115
4096 -4840
8970 -5932
9999 4933
-9354 7709
812 7209
-4159 6243
2360 -9547
-181 -5792
-6347 -1451
-4286 -3343
959 167
9412 -3127
-4714 -4023
-3474 -2480
-1667 -3026
3982 -8022
-8344 -8668
-4164 3090
5513 2114
-1428 -8706
-4148 4061
-5239 -2566
6544 1693
-2153 -1456
4911 6990
-677 -2349
-6902 7079
2990 -1899
2414 -2708
768 -6005
-5977 306
-887 -1014
-1919 -869
4889 -4789
333 -3031
9498 -4904
-4124 8934
3221 -1372
-5783 9060
-1026 5026
4956 -758
8219 -9564
-2777 1610
-254 394
2956 -9898
7266 4366
547 -215
3447 4585
-357 -1209
3098 -5060
9684 9207
9553 -9068
-168 -2356
9245 -5014
3582 4388
5283 9326
-2595 -806
5976 125
4179 5798
-1194 8113
8488 -8701
1758 5458
1547 -424
1468 603
-5085 -2057
-2860 -7009
-9190 -5595
4456 1463
7902 -368
4423 -4365
2791 -4374
-3280 -4917
-5967 4679
-9458 -6618
9880 3999
-9812 -826
4160 4794
-4969 -8466
-4590 5788
293 -2081
1356 8072
6620 -8989
2941 8238
2763 -5997
8973 -2381
-1747 -5453
9283 -6158
-2860 -633
4660 -7263
6103 -7362
-7597 1653
1255 -6532
-219 3799
-6780 9829
8691 -4265
932 -995
-5159 7184
-9446 -8825
122 3707
6574 3908
7550 3733
263 4696
3276 -9173
6706 9774
632 1985
-8581 7936
2012 8127
1235 -5330
-4130 1196
6983 -9864
-7015 6915
7272 -6184
-8530 -8011
6970 -6301
-4958 6715
8361 -7162
-471 -293
-8009 -2750
-4166 2079
915 -5247
-2221 -2449
9759 -6002
-4826 31
-8970 6484
-761 -999
-519 9492
4533 -7218
3904 2589
-7545 -6806
903 232
3810 5017
855 -1523
3272 3055
1278 -4788
-206 -3916
-392 -7070
1347 -4438
2731 -2258
-9354 -1527
871 -520
-2547 -2975
-8935 -5012
-2601 3048
-3449 2785
4055 3132
4709 7088
49 124
-4627 4318
865 -6114
-1086 8861
6593 -3434
470 -9537
419 -12
-2037 7010
8157 1065
9557 -8878
-9585 4091
-1177 -9470
8208 6889
-3733 4598
-6907 2914
-2408 1373
4470 -1361
9077 4119
2879 -4127
-3613 -527
3196 -3320
5352 -613
1839 -5348
-6389 7177
-574 -944
2261 -592
380 681
1106 1642
-1061 607
-3726 6878
-3972 1166
-8944 8856
-7751 -8678
4666 -1438
1343 -1316
2069 1168
9926 6531
4057 8689
3055 -6460
670 -993
4660 3646
-3192 -3660
-2321 -9447
-9407 -9248
1018 506
-1365 379
2889 3073
-2752 9520
-8547 9180
-3101 -3553
1604 -918
4741 -8534
1330 -742
1978 -1745
-221 -3241
-1369 1080
-778 1322
-7163 5791
4314 7878
-5617 -1642
8185 -4920
-9267 -1493
-1333 2862
2916 -4186
7533 -3246
9501 -9848
1243 1723
1218 -1850
-5132 -6142
8 -2
4638 -610
3289 6696
-5634 -4346
-9227 -2299
-1022 -2839
7783 -7165
3211 8829
-113 -145
-7011 -7729
26 -1631
-2430 1808
-8194 2005
-50 -179
9952 4218
1074 9707
464 1272
8338 9289
679 -852
7164 7908
4725 6
3527 2094
6009 -4064
-6606 6749
-4287 -7492
-2656 -3174
-6944 -3778
2750 6202
1404 1591
5155 -8023
-8010 -6783
4719 -7609
-1089 8781
3372 -4727
-3244 -5593
134 1136
-313 3507
1 -1828
1523 -1217
1391 -4552
4474 -2542
202 26
-2279 -2707
-8187 7301
-3011 384
-3027 -18
8481 8250
-679 2907
443 -709
5399 1172
765 9925
6450 -1468
208 -2541
8336 5946
-7033 -3571
538 985
1521 -2265
3554 3298
261 676
-7254 7954
8 5453
-9419 -4728
-3539 -8441
3871 9183
-6733 -5900
-3805 -1499
8101 4527
-5313 6319
2194 -4288
-1086 -669
-443 -984
-5024 -2952
-2484 2965
-5429 -7728
357 131
883 -2738
-3808 2851
2773 -2935
-8641 -5365
1164 5526
-742 3589
-4247 -6293
-5221 -2881
8569 9662
-4821 191
-6025 -2436
1539 -9887
-4910 322
2772 -2545
-928 385
-1978 -1727
-7842 -4036
737 830
-3474 -1441
6666 3272
-1094 -129
-3703 -4462
-5720 8604
214 1125
-9730 6051
-385 -1169
-4609 -3195
-123 -2839
9556 -2232
4061 4051
1742 1039
-733 -5924
-7885 7916
3526 5850
1881 3628
9049 -9872
-3402 -8601
4879 658
115 -605
-3901 -3721
359 548
867 298
4038 2346
4607 1869
300 2679
-1152 -226
-8071 -6252
5879 -4048
6859 3340
136 -75
-7504 -3202
3859 -7969
1115 -3737
-9185 -1181
3359 -8754
-3039 7942
646 906
3129 9247
1739 6086
9382 9359
-3770 2458
1734 6033
7797 7088
-5826 -8388
7516 4977
7336 -401
-1499 -830
882 565
-1302 7934
-1981 -8617
-595 539
-1482 160
-4837 8426
-937 -602
-4978 -9263
-293 16
1779 -5121
4212 3488
-8178 -7309
3798 7974
4519 -2299
272 -1895
5224 -7486
578 -1982
1122 -3322
339 -75
1093 5896
6213 7864
3675 -1290
-2338 -703
-5323 -6322
4760 -1084
4631 987
-6434 3601
1754 8075
4788 3035
5952 -1710
8855 2872
-7151 -3462
-2758 -5899
-7679 -286
-7014 -3807
-1015 6993
5684 4782
-8792 7294
-3503 4394
-334 -221
-2011 37
-3884 4137
8568 -4314
-6014 370
-8554 -1373
-2753 -3160
823 585
-1829 -4192
-8824 5645
-204 -21
-25 130
-9069 8011
-1098 -7345
3743 5722
8799 -6277
2632 -3869
3974 2828
-2799 9949
-9789 8642
-4423 7612
-6844 8188
-722 -148
-6623 -1087
2000 5559
1362 1875
-1237 1002
1154 2129
3393 70
2074 -4439
2000 -7062
-1952 8187
-197 -96
-1867 2418
3581 -7577
9009 5426
-4265 4668
5690 -5956
-8507 -1538
-197 -516
-5078 -2144
5258 -3521
1678 77
-3835 166
3741 -8295
-2209 1085
5953 -8014
1644 -1361
213 9698
7803 -1587
3318 2446
3634 8597
-500 -1473
-3302 2979
5009 -2211
-1120 690
-9357 -7408
-9007 2962
2505 9126
-598 -7907
-8571 8032
1335 -5447
2053 2681
1180 -1226
-3782 3492
-2529 763
7202 -4478
-1038 131
1842 -6888
1212 -43
154 -181
1453 946
-6208 -4966
-7528 -7966
3019 -6276
363 3707
-6692 -7369
-9372 3045
1694 7657
-1492 35
1216 -54
268 253
-4807 -3570
-2216 3779
1333 1441
775 -1087
9671 -8729
5777 3763
5632 -7414
-5336 2254
1512 179
-1819 4058
-865 976
-9004 -6867
-2211 -68
-280 5763
999 -3555
-1223 -1851
-946 -88
1779 -4504
-4871 3168
-102 -465
4400 -2127
8514 6240
6737 6210
-402 -101
-9710 8039
2301 -3910
561 -4377
-3987 -1046
-5643 -906
-5420 7216
2597 -7645
-219 273
7495 -5965
4527 -2506
6997 -3179
-7266 2537
233 -4539
-2254 -1825
8395 9747
-2 86
-3071 -4181
-4096 -9798
999 3111
5566 -6059
5122 6237
-211 -622
-7523 -8063
8446 -3927
4474 -2794
9043 5889
-3322 -2563
-1600 8993
-5701 -8327
458 -7245
-1009 9647
-3278 -1824
-9945 3922
7597 9815
2506 -8671
-9191 2726
-4367 -4548
2574 -8778
-4286 1179
-2715 3223
6486 4415
-5622 -544
7982 8914
1 -545
7620 3582
1802 -6126
7090 8837
-1742 3688
880 -2712
-1678 -3185
-1540 -385
-824 -4463
5265 4913
8035 3943
-819 1373
-5724 7039
9083 836
-4478 465
3570 -9778
8286 -6151
-3842 -8134
1084 -649
2907 -3419
-9975 5579
-5 -1289
9421 8549
3955 2684
-5072 361
4033 8513
7981 6908
2793 -2056
6016 -8048
3581 3133
-6282 1569
2798 3153
-3840 7757
-6206 9614
7297 -4465
7395 -5201
1512 -1313
-1418 3394
-1698 1333
-7553 -5182
6216 8799
-2421 253
6611 1841
9801 -2954
-374 -4
-8050 5014
7372 1670
2645 143
-4650 -3478
9376 -2939
2542 3945
4877 7925
5582 -4389
9759 -1117
1408 9846
4069 1720
8001 8072
-4684 -1513
-1258 7202
1936 365
-242 883
-7406 -2035
2764 1332
4781 -3667
4801 5005
796 5078
9857 3920
-5103 -8682
870 383
-1612 285
984 -988
-7323 3169
-6564 7208
3081 3740
8687 -2643
8357 -1311
-5275 -9219
9872 -6790
3660 4173
8603 5428
183 -3316
6688 3823
-2475 -4369
-8816 -5217
2423 -3365
4921 8377
-964 633
-3952 -3786
599 -1541
-5587 5745
-4062 4019
3797 6160
692 -3099
265 201
-2696 -7609
-784 685
6686 6524
-525 -5105
3378 -8010
-587 4962
528 4463
477 943
-7916 6354
5268 4846
-3262 2332
5948 -9638
-7831 7247
-1758 179
-6301 -321
-7793 3012
-8025 9710
-629 503
-9602 -3213
-571 -781
-2153 -8137
2246 1667
-1626 -9301
239 5418
-7334 -9262
1733 1392
-1563 1082
-212 -4492
770 -5607
7277 6890
7785 -4294
1723 1545
-99 -214
-2982 7593
2298 2763
-2132 -2381
-6671 -8067
-3237 2509
-4848 1736
4761 -598
-5626 3856
-7580 -7192
-1211 -1454
-3092 -685
7896 -1359
5205 9066
2239 99
-2446 -6883
-4693 -3586
-3648 -3232
-650 6173
-635 -1198
1872 -9042
4699 6992
-101 5877
9161 54
-304 9857
-4160 4324
3365 9628
-77 -1011
288 3938
-5326 -8817
-7386 -1932
-5792 6402
-7250 5674
5150 2142
250 -1788
-8160 5180
1478 819
8272 5327
-9764 -7458
3144 7143
561 -2335
-3599 -208
3515 4259
-3956 -9712
749 8074
4424 6979
-5162 -6783
5997 -7399
4418 8085
-9645 -9321
9835 7085
-2005 3740
4270 -3403
1981 9609
7236 -4880
192 3772
459 -101
8499 -8647
-1339 512
-76 3273
9562 6174
-202 -416
-4306 6130
741 465
-5885 -9582
-2491 -4117
-7022 -195
-3913 -8909
-3793 -9840
-3771 3814
1013 9383
6249 1027
-714 -271
2322 -4312
-6838 -9117
-3980 -4057
-775 -1427
-9907 7938
-354 623
7726 6256
-9675 -5612
872 969
-7512 -8199
-9346 -9285
-9502 9962
-8002 -9038
3968 -1311
4572 -429
-1978 -5781
179 -2165
-6727 5121
-2548 4013
-1495 -3283
-8981 -1829
-4203 256
-4824 3495
607 424
594 3081
3135 4807
-1662 5828
-4335 8204
268 -174
656 -74
5811 8956
-7854 9593
-339 -1412
7422 9880
-1099 4451
6799 3645
-5052 -270
-3157 198
-1443 631
7423 -1956
-2884 -8038
-9689 -1273
-4047 2437
476 3858
250 186
4648 -4474
577 -1111
-6982 7737
-7705 -2030
-4086 1675
-6587 -1042
-101 -6636
6446 3620
-3825 7142
793 -6891
517 -8295
94 52
2903 -1798
-613 -1398
-7506 7374
-8108 -5307
565 1747
-5649 8419
-5286 -6503
-8822 1263
-6637 -2130
905 -2284
-1768 -2087
-9875 -9176
251 1305
-5991 -1015
-3539 3663
-3536 3486
-2820 -2250
-1781 2752
-8379 -1437
-1879 -5790
-8390 1068
4241 -3579
2151 -288
-841 1337
-491 407
-9056 4706
5592 6352
-643 -4723
-785 1874
-8171 4274
2804 -1536
-912 -9558
-4346 -2817
-353 12
5002 5858
-395 -9731
-9830 7057
-200 -2520
-2499 -4616
-627 8846
5264 -4696
4196 7991
-4612 -7673
6559 -7577
5268 -7817
881 7383
65 -593
-3104 7759
-1223 1207
-1731 3853
9470 4136
-1814 4284
-8329 5901
3307 -91
-590 232
-5057 -5612
-2953 4813
-1177 -1593
-2119 -1975
3715 -6407
-117 47
9667 6116
6755 -2418
-7653 5501
7295 -3029
-2502 -4123
-9218 731
946 349
-2535 -9584
4625 -2731
1708 3215
6744 1360
-7644 1227
7257 6658
-3403 2185
1202 -3228
8346 928
-8461 -886
3450 7134
2470 644
-5611 -4722
-333 293
3113 1756
-8341 -7136
-2951 2196
9896 279
-1337 -3839
9790 -9998
4987 4806
7747 4709
-8915 -4677
-229 -1024
2595 9051
2202 1596
-5733 1160
4492 -9198
-3156 -312
1586 725
-1207 1999
-391 -6715
-151 398
-2157 -5435
-5866 5647
9249 8073
7627 3803
-1179 173
-7534 9181
7427 5794
-3410 -2232
4140 431
7543 2706
528 -121
-63 1067
-183 322
-846 -685
2182 -6194
-9956 -5931
2743 8541
-9620 -8276
2685 -2353
-6631 -5457
-5878 6414
-7 -347
-2581 -9514
1986 2016
3995 603
2823 -5960
7977 417
431 -312
-2916 -6989
-3146 412
1699 4140
3964 -67
-9382 -4323
-82 65
4419 -432
5611 6998
-1060 6550
-4969 -8365
7318 -7459
-8905 1864
-1092 229
5667 5353
8408 -5942
-9289 -2079
-60 -92
3435 -6331
-557 9073
4144 -1026
9964 -8766
4259 316
-2950 -1134
-3186 -7082
4033 -457
-22 19
-1690 -8572
-7704 7505
3151 6376
-1798 3031
2344 -1755
-8650 7055
5336 7655
-3683 -1044
2884 8447
-5312 -1998
864 -444
-3503 -8467
4309 634
1553 -8603
-4392 -303
-718 2394
-4054 -423
-1221 401
-3017 -3257
-2 -1
-6102 -9677
3113 5079
-2703 5255
1408 161
-4537 1948
-7738 8023
-2016 4894
-5478 8062
-6772 1676
-47 1928
5242 -1888
-618 1426
-131 2160
4491 -3271
-5422 -4428
9495 2755
-173 -680
2063 -3142
-756 -4639
-868 573
-682 -4703
-234 1623
1198 3221
-317 -326
-4465 -3019
-4059 -7611
-5059 -8390
2761 1127
4722 -3316
-791 1251
2913 6025
9496 4745
-3965 -473
-8489 541
-103 -8056
3520 1930
-9344 -4689
-2150 -7077
1652 1429
-9850 -8031
3318 572
4913 290
4717 -3749
6889 7048
-3552 -2358
-420 -85
-1673 -8553
-5408 -9721
1201 -2080
-3613 -8617
-4495 -412
-378 -3590
-6815 5871
2116 9146
3160 221
4389 -1933
694 -8845
-1371 -706
-3365 -7025
864 -6616
9442 -2052
7098 837
1194 -3577
-9814 1231
-5761 -5057
-8935 6316
-8675 2062
-8665 -251
-1424 1206
1866 -3756
-4729 420
-1769 -2452
2395 98
-6784 7652
-9762 -2171
-3105 -2881
-6595 -4609
-314 1152
-6196 5163
4447 -2853
9108 7941
8224 -9955
193 -4560
-8118 -1354
-3993 82
-3140 -1804
5354 -5206
-8747 2053
1725 2884
-4663 2689
29 55
4670 -8153
-8932 -858
1658 -317
-69 -40
-937 -103
-1077 -1514
-7176 6967
2685 -3784
-9911 -3192
-3775 -3968
-2497 -3927
-6822 5023
-8824 -1071
862 1203
-379 713
-958 1374
-4381 5359
-6577 9847
-1282 -1395
-3955 -9274
2612 -7808
-5507 4602
-864 -7344
-3790 3609
-9251 4618
8533 7997
-1190 -4801
-3516 8196
2448 -7566
316 3298
-3087 1721
8902 3982
-670 -1029
4072 -8871
-6879 6010
-219 9519
610 -292
-2283 8267
-3438 -4231
5937 -8822
-2399 4602
8195 -4429
-3214 -2109
3305 -150
-526 -133
1139 1595
