10
1
12
1,2,5
2,3,4
2,3,6
3,5,6
3,5,7
4,1,3
4,1,5
4,2,1
4,2,2
5,2,2
5,4,3
5,4,4
4 5
1
5
1,2,5
2,3,5
2,3,6
3,5,6
3,5,7
1 2
1
12
1,2,5
2,3,4
2,3,6
3,5,6
3,5,7
4,1,3
4,1,5
4,2,1
4,2,2
5,2,2
5,4,3
5,4,4
5 4
1
12
1,2,5
2,3,4
2,3,6
3,5,6
3,5,7
4,1,3
4,1,5
4,2,1
4,2,2
5,2,2
5,4,3
5,4,4
2 4
1
12
1,2,5
2,3,4
2,3,6
3,5,6
3,5,7
4,1,3
4,1,5
4,2,1
4,2,2
5,2,2
5,4,3
5,4,4
3 4
1
12
1,2,5
2,3,4
2,3,6
3,5,6
3,5,7
4,1,3
4,1,5
4,2,1
4,2,2
5,2,2
5,4,3
5,4,4
4 3
1
12
1,2,5
2,3,4
2,3,6
3,5,6
3,5,7
4,1,3
4,1,5
4,2,1
4,2,2
5,2,2
5,4,3
5,4,4
5 1
1
12
1,2,5
2,3,4
2,3,6
3,5,6
3,5,7
4,1,3
4,1,5
4,2,1
4,2,2
5,2,2
5,4,3
5,4,4
5 3
1
12
1,2,5
2,3,4
2,3,6
3,5,6
3,5,7
4,1,3
4,1,5
4,2,1
4,2,2
5,2,2
5,4,3
5,4,4
5 4
1
12
1,2,5
2,3,4
2,3,6
3,5,6
3,5,7
4,1,3
4,1,5
4,2,1
4,2,2
5,2,2
5,4,3
5,4,4
1 4
