3 2
0 4
5 2
2 -2
0 2
2 1
3449 3435
-5 -2
-4 -4
-3810 2617
6646 3814
-6486 9887
-6905 6545
7674 -5151
-5076 6188
-6582 6742
9021 993
-1576 1038
-5141 -8710
-3258 -5793
1517 4523
-2539 717
157 1989
-5420 -2028
-76 926
5932 -6172
-1890 866
-5517 -5090
2001 -848
7105 -7721
1949 3553
716 -271
-8334 8690
2085 -243
3368 -4885
-698 -1041
-9628 -9467
7115 -6830
4156 2731
1677 -24
-6847 2787
-1252 -9866
318 -6848
9424 -3376
-8652 5457
1315 1099
-3029 -2724
7404 -4274
6976 4944
526 2345
9552 -6523
-6763 188
2462 2056
-3787 5491
5583 -6168
3006 -8264
9361 8049
5387 3688
4914 -5945
349 267
-2066 2283
824 5530
-931 -2185
-3586 -1327
8638 6623
-3494 2771
2468 -1476
-4493 212
204 -366
-4495 -3999
3382 -8325
3442 -7530
4053 2506
-2545 3071
-5560 -2231
-5926 7349
-4028 -1801
206 -106
847 -7418
4129 -4311
-2588 -2318
863 -9106
-2290 -7989
7253 6848
-6200 -4131
1989 2361
9389 6834
5368 407
5008 1951
5949 5436
3299 -3428
-4411 -1621
1852 -6298
3842 3857
7427 2633
4670 3388
-6366 1284
-9903 7771
1182 3875
220 87
5904 6313
-1116 1803
-3680 9683
-8498 9046
95 -253
-938 3209
2234 5890
-1482 -1335
7237 3642
3093 8081
1901 -1473
2615 3954
-3583 -3569
-7836 -846
-9159 -4521
2741 -2168
-1875 -2866
1554 -2956
-5082 8743
-58 438
1060 -934
6149 -1115
-2932 -1255
-2720 5943
9009 -48
7954 1366
-8208 -5287
677 -9640
-1423 -2644
-3277 -4832
-8018 6815
6506 5059
4795 2790
2610 8788
-5878 5800
4104 6678
1150 -2936
712 -4784
1476 -4710
-8205 1530
-4752 -6130
-9475 4651
7549 3960
542 -720
-9510 673
3925 1303
5399 -4343
3138 -337
2369 -2744
-1657 1455
9717 -8666
1389 9081
-4397 1687
7874 5518
262 4233
-2556 -3879
7965 733
2569 -3706
-4031 -2191
-61 -854
-374 885
1594 1452
-4015 -5151
1310 1568
3133 -955
-7214 -3179
-647 -726
1330 8634
4794 -8545
-1240 1507
-3234 301
-5416 6021
3291 -7119
781 1751
-8502 -4916
-2552 -3042
48 -115
46 1
3491 -6280
2968 3446
-5105 -4162
961 1140
220 950
9314 -4676
3027 1459
278 953
-5640 5538
-4580 -9872
5704 -9277
-1367 789
3929 -3523
757 145
-4178 -2888
5450 7002
187 471
-5575 1980
-8140 -1506
1643 -404
-6954 3500
4042 7296
7325 2256
-4275 -6592
-4880 -5384
-2578 -4051
8118 -610
-5488 -5535
439 1633
-4710 -2074
-2036 -6103
895 -263
-4269 -2440
1993 1775
-4143 1003
4058 9720
-2978 -2232
4569 -4092
2191 9996
-4274 9190
-181 160
8023 8312
-9820 7174
-3839 810
-2736 3915
-1712 -577
8417 -7681
9598 -5980
-2202 1028
-3619 7739
1114 -726
-1633 -6565
-1898 1558
4034 -7878
242 238
-4735 4073
-4519 -5119
-9939 -6639
-306 -71
6891 8934
8262 -6188
1758 -1543
9560 5013
-9078 -1605
4575 -9367
7695 -1101
-989 4441
-7413 -294
-9404 -2003
2330 -1358
-3726 8040
6163 -2512
-6698 -1331
-565 3438
1702 3282
9195 -2484
7150 -990
-1761 -774
7800 -1039
4512 -4017
657 -34
147 -1846
-128 -3699
-8010 -8775
-1446 9210
-6128 5083
-5799 -1809
1301 -5949
4544 -5165
1426 -7211
-8227 9075
5893 -1920
-1296 -490
-8056 1187
7488 -3446
9352 -3356
-6779 1822
6841 -5530
-4800 1782
-47 8942
363 4163
1234 -2716
-1486 -1352
1691 5532
-9978 8601
7660 5746
4870 -6734
-5371 5420
-9218 -5019
4325 3144
-701 767
8474 6936
-7176 -356
-3075 177
109 -1638
-8717 9078
-8567 -2591
-7313 40
-6778 -2253
3949 -1687
4477 -7210
8138 -5742
-3651 -240
9950 9484
-3666 8088
-6576 -6906
6675 -7155
1053 3617
-5428 3853
3124 -9552
2228 2109
1383 3568
4255 -5184
-9432 -2564
-1837 -2992
-184 -1225
3664 2178
2269 4064
336 -1118
-246 -4316
-2292 4838
1567 6263
-7725 6900
50 -7095
4725 -4891
7010 345
8630 5849
-6893 6297
-7998 -3243
4334 -1132
534 -487
-9623 5855
-2278 -2331
1401 2961
4574 5904
5589 -5269
-6206 -5269
-1898 -5457
-300 -49
-4624 2787
-4308 7229
1072 6823
-6298 9288
-5786 -1088
6404 -8522
-6808 -7483
7632 -3310
-4711 -7835
-2711 -1252
-2987 1755
6821 9104
-3799 -4876
4341 -8369
-2591 6710
4194 -7494
-6722 -6330
8776 8988
-682 -9313
7889 5345
2661 1733
-2944 1582
-3570 -4163
-3913 -3991
7989 -2300
907 -3410
-4038 2652
2739 -5573
-9715 -330
3048 -4144
2889 -1822
1664 6928
-9915 -4180
7121 -9068
-2485 9915
-6712 -3929
2267 2471
-7852 -3573
665 -1040
9326 -4114
-3096 -9210
6175 579
2795 -6544
1234 -3339
-2174 4235
-5444 9092
5877 -6197
6949 -7644
-2312 8908
1773 6686
4640 -142
5245 -181
-1841 349
2936 2731
8713 -9149
1002 3350
-343 -6267
8696 7695
9009 1421
5196 -2671
807 -4170
3697 3152
193 1728
-327 1176
-3288 2201
-4986 4464
4014 -2893
-6991 2394
4059 3859
-4588 -2587
1680 -2707
4867 4469
-5935 4815
6813 6702
-2034 -9552
4929 276
390 -6584
-9652 1560
6130 3560
-4625 334
574 2485
2122 1091
8804 -8204
2728 6968
3525 -9797
-2224 327
3553 6325
-4005 -1121
391 5750
2247 -5105
-2386 -4414
1879 -3532
2297 1436
7920 -374
1803 -6526
-774 -950
-9060 9853
-3541 -9881
2027 8174
1102 -373
3874 1610
1289 2684
-1822 2503
5899 -5305
3254 692
634 -5738
9571 -7614
-2121 -8904
-934 -7969
2249 -4084
-1975 2520
-465 368
-1524 -3148
-6608 -8564
-363 -1141
-3251 -2120
1171 -1744
-5730 1442
-2565 -2030
-1692 2844
5369 -4562
-2495 4297
-6591 -7933
-4357 7693
-5449 1838
8851 -7766
-4414 2231
-9645 -8830
-214 -45
-303 -3710
-5986 5148
9218 3490
-854 8211
5096 202
-1918 666
-4585 -9900
-4352 -1053
4003 4348
6869 -5963
-4387 -4181
3028 4111
4545 -6447
-2482 -1130
-5665 9233
-3097 -4875
-2913 818
2591 -1260
102 1884
-9615 -6464
609 6999
-3211 8913
-9497 -428
-244 -104
8698 -5478
35 -2241
-9208 -6627
1633 9201
3641 9377
-150 -518
1020 -503
-2913 280
1824 -8841
8516 3293
-3975 -7081
8880 -7659
-1410 1235
8829 6393
-1800 -5925
4542 -7639
1020 1418
-8490 1788
954 -5097
9838 -1866
1965 -1176
-5268 1956
764 1193
-5337 182
2539 1303
8610 3082
-4232 -1138
-2962 -5582
-8163 1100
5551 -7206
-2276 -3482
4786 -5419
1180 945
-303 -4183
-913 -4178
6058 6899
-2889 -3551
-8516 -9866
-1737 -3344
-2526 -7999
6076 -1619
2445 16
50 2956
-9419 9836
7421 4752
-5458 -9210
9246 2460
-1443 851
-3373 -8557
-7156 4643
-8239 8858
8614 8596
1153 906
-4917 7594
1630 -6582
6703 6725
8921 5025
-2715 -561
-8223 4290
6560 7208
2550 222
155 -88
2176 8866
792 7561
-5995 -166
-4663 9976
-2550 -5540
5908 -662
8914 677
8363 1810
-6825 259
-8838 7447
-1118 7447
-2635 -3804
5822 -4671
4784 -1769
-2448 6613
-1178 -1581
7703 6945
-1369 9504
-1688 4819
-509 4034
1457 337
-9849 -5401
1425 -875
-5873 -3876
-137 3101
2661 7452
-8991 -6938
2866 9753
3857 -906
-8904 58
-208 8872
1835 351
5212 -6099
-3034 -3135
-5322 1796
-4157 -8397
-2593 -3923
1480 -6201
-3760 -7342
2243 1124
8841 1926
-169 -100
-8497 5658
-6582 -6169
-8863 -7283
-1112 -4757
1470 -6833
898 6844
-123 325
66 3744
-1138 3136
2262 8102
6878 861
145 -24
1184 2980
1974 -2064
7587 1558
-2729 1279
9327 1779
-260 2561
-4076 -6038
-3223 2596
8875 -1387
-8383 -7112
-2856 2462
-2456 -1355
4411 1678
-9302 -586
2077 4638
-633 3950
6930 7744
3158 8133
155 1586
-8957 -4462
2246 -3634
7851 6728
1871 917
9012 -2007
-7276 256
6081 -243
-3964 -7651
2106 -7168
-7797 4254
1373 -2434
-3196 -1262
-6100 -6445
2440 -6214
-7593 -2529
2632 -8458
8688 -1178
-3100 958
-5480 1700
3325 -1908
7465 -4825
-441 -1955
7748 8254
765 489
7227 7941
3536 -2858
-5603 -4519
2742 5842
-2930 4518
-2606 6878
-9925 -6546
335 -178
4679 -4523
-550 -5183
-5428 6559
-6587 5741
-809 -391
-897 -2126
6615 -1082
-6264 9661
7378 -5116
-1448 -729
5654 9326
2159 -4752
-2789 4621
-395 -13
9639 -1528
-3267 -4116
-4706 2676
-1469 8876
6415 -1724
-923 -1209
8756 8867
-6392 -4350
-9111 358
1815 -4561
-1543 -1693
-7124 -1483
2317 -1118
1347 -7692
8638 5849
5724 -8643
9820 -3675
4011 -2325
3223 9246
846 1621
-8640 6753
-7853 -4361
3047 5290
-2346 -9459
3556 -1181
-356 2638
-6166 -3318
-6354 -7484
7960 8174
2185 -553
181 142
-4914 -1391
7124 8752
-443 -6572
1850 -3937
-386 102
-6221 -6004
4217 9590
-3285 -4399
-4566 -6761
385 1381
-6837 -4387
-9784 1090
7550 -1418
1137 5172
4636 -738
9952 4637
-3659 -2197
1886 -1545
-6248 7172
-9367 -4348
4080 155
8071 32
-444 6648
7382 -7830
9338 -4327
122 -1844
558 -421
9470 3164
-3019 184
3665 3548
-8655 4549
9986 -2908
-6636 2197
-6470 1832
7096 8854
-1347 4609
503 -448
3122 -8817
3818 -2384
-2053 -1444
7346 -568
233 3717
-3940 -3073
5186 -1993
4228 6656
2948 -6345
261 281
-119 -54
-3422 -568
-300 -6786
-4884 -221
1196 -3123
1881 -3492
788 -2699
8651 -3970
2746 -6871
8763 -5727
-2434 9634
9699 -1749
6660 -6772
-5947 856
-2882 -137
5 -2378
-6692 5937
-1739 43
2018 -8246
-3339 5124
676 9335
-1546 4556
-5961 6815
9101 -892
-2504 5930
411 -2177
1171 -1500
1881 -3929
3301 2944
6922 -8498
9796 5873
1102 -2169
9542 8204
-9743 5737
1089 9450
4203 5275
-3021 37
-363 -364
1204 -477
-1345 9292
6109 9813
9827 9260
7613 2036
-2953 8824
-29 -234
302 -90
3424 7185
145 -2660
8218 1109
-6389 213
6370 -400
-2175 -3571
1937 933
9693 7113
-1091 -1523
-5361 1532
-7461 2346
-821 680
-5816 -9796
-8541 -3648
-1658 2377
515 -788
7506 427
6297 -752
3145 -2034
8491 -4592
3743 1104
-5244 -8874
-5441 -3470
8878 5201
1478 4981
2086 3461
9164 -820
-25 339
7687 4604
1427 4135
9543 -3683
6652 -8098
-2151 2390
9299 -7880
3308 7730
1392 4287
9798 2695
-361 2364
-4865 -3550
-8076 -33
-1408 3354
-904 1754
-9214 5303
8739 7131
5209 -6323
2800 9692
-858 -127
-4682 4478
-2654 3306
36 -11
4876 2032
7979 -9472
9004 -8898
8128 6382
-8093 -9467
775 -3598
-7219 6962
2168 -3065
1649 -463
-3083 724
3778 -7558
342 258
-1338 8034
-1798 -4593
6586 -1038
2370 -211
-3602 3394
7278 7099
3737 1823
7780 2319
9376 -4368
-4327 -402
5580 448
6940 786
-9463 -6232
531 -2133
-2965 1309
-489 4432
-7506 -9287
5517 -1993
8770 -3358
5338 4386
3208 6119
3910 4941
-4740 9007
-6541 5481
-1060 -9662
634 -2288
508 2659
-27 8236
-2705 -3850
1231 -1296
-6464 5702
8340 -4525
8828 -7563
1195 1039
782 7204
-372 -1648
1334 1876
-5275 -7385
-4957 -1360
-4396 4894
-3747 -5036
7280 5997
-4921 4775
-2807 -7196
-2737 -1968
-7193 -1087
8661 -5996
5144 -5522
4824 1272
1540 313
3581 -9094
-6273 -1107
-7724 6150
-9498 -599
-4502 -3541
1153 -1407
34 -104
-293 1360
9774 -2193
4436 -986
3308 231
4379 3635
-8541 -3625
5522 -7566
1296 -1711
-383 4163
-1361 770
-3528 -5350
2167 -1447
5031 -9184
1313 -2545
-8212 8592
3544 7580
-1751 8603
7956 -4046
-7830 5594
-2053 1317
-6092 -7439
202 7012
2193 3672
2986 -5478
-9615 -7163
-4336 7051
-5286 -7244
-248 -6230
-1622 3424
-4359 3583
-587 -3967
-7465 -9348
1476 -4744
3314 -4135
-3396 -958
-8077 -6262
-4345 -1887
-6978 -5381
-7374 5800
-7224 4655
-9386 -2722
8660 -5215
-2531 -4278
-4586 1055
-9152 3807
-8330 2898
2769 5619
-5650 2184
-4783 -4445
-2741 4152
-42 481
-4636 4259
4160 -426
-718 -4149
2414 5521
-4499 2112
-8732 -2428
2983 -491
406 -5688
-9072 -4769
4688 2060
5936 3606
-6561 -6564
9252 -5688
909 4364
-4796 -7876
-945 -1981
103 7511
1728 -3580
-5348 6562
5361 1221
7389 4139
3643 5239
-9513 7990
-8561 -8319
-1024 3318
-2400 5846
2097 4925
1642 1873
212 51
-7984 -9346
7735 -9125
-620 63
-1505 -3475
4015 -4862
568 -8978
-8730 -1582
2993 -2116
-323 -1206
1301 4879
8640 -3030
4504 3576
-6720 -2212
4910 -7055
8715 3838
2228 9508
3048 1865
7238 -4153
-1729 -1896
-2695 -91
9949 4405
-3682 -482
7784 -2586
-1096 -1627
-2415 -461
-6242 -80
223 3359
-6427 -7101
3432 2752
9768 9514
-3323 -3035
-7714 9964
-2438 8574
5153 -9833
-1801 436
-202 234
9046 6141
9699 429
-271 -9128
5642 -9894
8877 8341
3359 1304
5128 5936
-859 -4945
9292 3355
-352 -5024
506 -192
2777 -4753
2130 -5575
4635 -7801
-189 8124
1931 -9087
288 9006
-2885 -1033
3976 8912
761 498
-174 7446
4163 -1736
89 -573
1535 5740
2277 -1535
299 121
-4729 -3720
-8412 2775
4137 -8001
-9384 -6032
-3938 953
2077 -381
7887 94
3825 -3598
-8845 221
-821 -1700
7460 -7900
-96 -78
9727 -2135
-652 -5585
-638 757
-5650 1236
-330 298
-8741 -1930
-9795 1911
7306 626
3451 1164
-4523 1468
1555 -2557
-7774 8119
7097 -2745
9287 7125
780 7851
9744 8381
3790 -2223
1669 -6392
-162 -1579
-49 2001
-6675 5080
8000 -3799
8430 2361
-8782 7593
2326 -4949
1710 4859
177 269
-799 453
351 -373
-2551 2634
-321 -7945
-5925 6693
-178 144
-5714 3815
8007 1433
1865 -848
2583 4056
-270 -9887
7834 -6863
-5620 -9353
-9947 -2391
-3787 4047
49 4187
4612 567
-1433 6260
-486 6503
-544 569
9116 314
-5266 -3339
6400 -736
854 2977
-1101 2073
6621 5885
374 523
-1195 988
-7311 -3317
7483 869
-4714 -7474
-5915 -8297
3404 -632
-5426 1518
-4074 6380
1718 994
-2318 -90
-9018 -8323
3918 5462
-6678 5997
-3868 -505
3774 -8012
7006 3414
6791 4898
-655 2201
3154 -5276
793 4521
-1398 213
-8558 -2047
3924 -876
-296 229
6727 1285
2256 -883
6007 -3880
-2617 -5228
-6282 -898
1257 2973
-3688 150
163 -8015
-1188 7275
-7334 -1356
4959 4349
-1131 750
33 7
-858 -6247
5530 9530
-5316 5439
4363 2133
1727 2194
2672 -2202
8219 6138
-47 2083
-2434 -9273
2174 -4128
9074 -8623
-3646 1920
-9801 6076
3022 -9017
-8626 4484
406 -332
-7720 3768
-336 439
-765 -224
-1042 -536
2741 3595
106 -9188
2500 2083
6157 -1193
-161 3186
30 14
396 1982
-1613 -3399
1041 -4246
2893 378
610 -1991
5915 4174
6559 -4872
-8256 150
646 342
-1491 9117
783 4383
1060 618
-1789 -9557
9389 2193
-2961 -933
-7746 3318
-1842 667
1420 -3284
8042 1705
-1119 1207
8129 -3573
8694 5934
9029 -3212
-17 933
7402 -5322
-9037 339
-7697 -3374
8428 9524
5124 -1105
-3510 8190
-1104 -8459
-3730 -703
4606 -1129
9688 -8222
-8961 -8335
133 427
-7108 6427
7232 2993
-7939 8246
6187 -5898
949 2436
2286 2620
6344 -7374
389 -473
75 -9213
-1771 -1071
8927 -5395
-3356 -1680
-7314 -4044
-5891 7568
-4646 -4512
2055 1490
-4644 285
6391 8967
986 -5730
447 9120
-9957 3178
-145 -2272
1220 -1667
-957 1202
248 -2087
3252 2233
1436 -2634
8496 -8722
-6680 8390
-987 4760
-6863 -6678
-3950 1814
-3743 8954
-7546 2686
2503 4159
-317 -4254
-2572 -3734
5733 -4677
7922 5430
-40 -62
-1960 918
-7676 -5271
-9605 -5040
-3316 -3346
-5504 -3313
-243 -1135
-6447 -88
8793 -2823
1634 381
1274 -1826
9777 -630
-8219 -8732
-1648 -2895
-4795 6756
-6525 -133
-107 2627
2627 7710
-495 1331
7996 -1809
-3233 3146
-1649 -1583
-2598 -9207
-4587 8810
-5385 1935
987 -3513
-3889 4645
3647 5139
235 -6610
-3062 -8667
4189 -9372
-5988 -7044
109 -999
-576 -428
3503 153
-6709 8887
-8495 -629
9660 1170
2008 -2143
5550 -655
340 513
-9194 5938
441 -7467
7965 -9538
-132 6007
-6476 5071
9236 1050
3470 -8687
501 6716
2543 613
7719 3044
-7457 6980
-525 -2186
-7334 -1994
-6849 3021
-6609 5711
-986 -429
9560 -3614
50 -1737
-764 -18
4130 3952
6151 7858
5998 903
-6575 -3989
-1608 1311
-6478 8753
-1487 -4197
-2652 -1817
-1719 -4692
-511 -597
-13 16
-4234 2038
122 1832
3000 -3711
615 -1918
-8909 -9256
-541 -2870
-1649 -7521
571 1306
-2107 -3119
-6432 -3516
449 766
-493 4772
698 -3933
-496 2754
-2500 2466
452 9044
-5583 -6723
2234 -1115
2127 9921
-6445 782
3712 7043
1985 -4159
2060 -2514
4638 -5812
2123 -2392
-90 -3433
-9330 -7728
8618 -743
-8628 -2717
-4075 2057
425 -2208
-8302 8464
-5332 7824
-3149 9627
6870 -7151
6566 -1037
6813 4667
7666 -4914
-8452 -9740
-7353 -1143
-7154 1769
88 -77
-9028 -7201
-5402 -4487
-5973 -9543
7032 2919
-4763 4722
-1778 1000
2250 4678
-6928 3966
1047 4024
-7003 -7432
9033 4947
3505 468
1465 500
-5800 1452
-4951 7085
-3086 -9034
1462 -282
6627 -989
402 280
-7926 3173
6737 5996
-982 -304
-5821 8282
4295 -4333
2373 -6312
539 74
4432 -2015
8543 -6769
-663 -127
2924 -684
2525 -5558
-210 -2617
-2337 -5052
-9074 -2084
-8005 -3944
-4678 -625
-5450 -4818
-4798 -1308
1082 -1024
3944 5220
2499 3267
8998 -4979
-1882 -1585
1432 6271
4835 -8785
4760 -2857
-4060 3239
-8379 9289
8982 -3716
5969 218
-4663 -4789
-6295 -9454
-1469 -3013
1812 -5458
-6746 8387
5275 1844
1821 -2317
-18 -231
638 9865
-5015 1790
2385 -4513
1914 182
-8449 4070
2258 -2103
-6064 -4650
9104 7237
1648 -1673
713 6748
8802 3848
4080 -4776
1750 -2390
9024 -7820
-9743 2764
-1424 5939
5287 -3361
-9051 2909
1628 -5794
4676 -8033
6371 -3926
-9803 -4449
-4980 319
86 8383
-300 896
8143 -4792
-6101 -1796
-1100 2072
-2029 -1988
5655 -8911
-7155 -2645
-6143 1364
-119 4526
2200 -391
1549 -8424
9355 -4073
3114 3389
5492 2530
-2755 -3607
-3252 4768
-543 443
6137 -8336
2686 -9218
-2303 4493
-2739 -9382
9620 -3304
5043 4492
3681 968
5455 1585
4164 8874
-1085 -684
-2783 9885
955 -9285
2435 2544
-7145 6256
-89 -1986
1006 -4225
6293 1889
-5253 3395
-9685 9906
6269 -2532
-940 -8927
-2080 -3436
-5254 -2296
6868 6616
9860 2978
-1308 5724
-6696 7866
-466 3643
362 781
-2283 -5181
-2985 2325
-8643 -6859
-2920 -27
-7358 -2497
1602 4367
3034 1482
2109 6941
-5701 -1449
-3741 1294
-4157 -332
4649 2042
-7101 -6429
6264 942
2379 -2225
1123 -1595
526 6183
25 102
25 167
2991 -7653
1907 -563
-6590 -9541
1213 -4555
87 5823
-1542 1880
-8567 4000
9119 -5017
-9692 6979
-2178 2513
-5740 7185
5700 -6086
-2820 3099
-1276 -9402
3013 -5412
-1223 3423
6247 -3714
-8584 2820
-7194 7516
-4728 4215
646 2598
-4895 -769
-5718 3568
235 140
-2611 -1031
2030 9984
3984 -2527
3242 -1377
7919 8865
-4472 -8658
2225 4153
-7081 -8785
7624 -9904
745 253
1268 9110
1266 -8453
-3835 8954
-1650 -3169
4106 1274
3544 -998
2798 7843
-2761 4348
206 -489
1956 -5705
-1420 983
-5748 -2386
4085 3399
1395 -1102
3705 1133
-7852 -2714
-1633 872
4156 8741
-9699 8911
2166 6548
1171 1672
-4362 -9887
-2046 1489
-7720 8312
3316 1031
8990 3586
3628 -4984
-4766 -7335
1392 -1274
-40 -8608
978 -8498
-6841 -7900
8640 4309
-6964 36
-6087 1314
9269 -4113
456 -946
-266 -2951
-8053 7758
289 -243
-7254 -8518
-1504 -8057
-7370 7679
-110 -3048
4526 -12
5364 6134
5812 -8237
-270 749
6820 -4152
-6956 -5971
5489 -4478
-2173 3791
-9744 -4284
-3309 2472
-4225 1275
-9707 8463
7594 -1832
9596 -3990
-9020 -8110
-2756 7534
-1622 5103
-2107 -9174
6615 -1527
2800 1757
295 1063
4038 5167
5875 -4281
4611 2735
4953 7177
-6824 1747
2703 3274
2128 -3884
-108 759
-6991 -5714
1430 1766
1936 -1839
3702 443
8814 134
-8259 -7027
830 1366
8198 -3984
-2460 -8392
-6420 -8379
468 227
4799 8215
1541 -9735
3161 1493
-878 -1241
3331 -1280
-8374 -5330
9079 -195
4504 -7374
2907 -7602
5574 -8359
5879 -65
7557 3582
-6402 -2856
111 -125
-4911 5570
-8219 2225
-8535 -1149
-1334 -3143
8 23
-534 7653
-393 185
-5570 1278
8890 6922
196 2291
3304 1191
-1385 -1237
1571 2956
2274 -8268
-5559 -498
6131 1894
6257 5918
-6427 -3657
5006 1919
-7496 -1034
4625 9171
8354 -843
5078 -3361
9262 1362
3245 -2983
7094 -4841
1534 1617
-3527 -3767
459 1915
-1317 1041
7436 7000
-5584 482
-1810 -4082
-1699 -1417
9251 3451
6393 6556
-5887 -9294
170 740
4476 -4400
-2692 3940
-4033 -7509
9163 471
-5184 8794
8018 -120
8104 535
-1542 1153
9951 2922
3528 6505
1877 -5414
9119 -2345
-7077 -8940
-21 -17
-621 5140
-1199 -3605
-1401 4867
3951 776
5681 -3614
8634 888
5852 552
-6276 -1696
277 -383
-7607 7308
535 -215
-3052 -2645
7264 -8504
434 2375
9211 9038
-8073 -1884
6 157
-3182 2640
-3328 -2352
-2162 7706
-5311 -4651
-2109 -571
4102 118
-6488 5982
8096 2054
9566 1812
4596 3935
2235 3273
-4748 734
1888 -5208
982 -3218
-258 2504
822 2313
6611 -3426
-2604 -1535
5911 9696
-1240 -4167
-468 -4407
-4555 4801
5133 8805
5410 610
-6528 1307
7041 6647
3658 -4258
-2855 2096
-667 -2782
7785 -3299
-3213 -3898
-6831 -4759
-2257 -1671
-60 2124
9232 5744
-6239 855
-24 576
3326 -8096
-4730 -1951
-383 5150
8025 9943
-895 1470
-5668 -5672
-5491 -2840
-2140 4591
1694 -7511
-537 8026
4344 2434
9750 7693
-942 -1668
-891 -375
-122 9485
78 -2393
9414 -5785
-7766 1339
-3738 -2439
1617 -556
-5561 -2586
-8760 -4307
3287 -2300
-9411 7018
-9765 -2566
-1075 769
-110 -5545
-4721 4853
523 454
4785 -4503
-6885 3295
7232 6010
1218 3018
194 3437
-3596 -3141
6280 -9488
1545 -1654
-2974 -1590
8000 -2356
-4602 2587
-1741 2357
3732 -582
9626 -3000
-1853 -193
723 -2127
-3568 -4984
-4282 -9045
-10 46
5160 4022
-7448 -7597
-7078 7153
-407 234
-7362 -5726
4909 3510
7344 9062
-8447 -1593
-3934 3320
-1633 1755
-266 3195
1401 -3960
-4182 6783
-757 -4090
114 -7658
-577 -731
-2043 4859
-5999 -9816
3693 9713
3803 -3597
6315 -8347
9831 3081
-3837 1828
-1 -109
-3203 -9638
-5762 -5442
-2701 -1412
-538 -641
-2892 -5095
2093 204
-172 176
5325 -9267
513 -5464
-2820 2653
2273 3692
5825 -7976
-6187 9853
-2081 -5401
2406 1721
6823 496
-1057 4291
-6103 -5033
-66 -2609
-808 2374
6905 1541
6595 -6108
5584 -7564
-1057 -4805
-4243 4265
-9740 1512
-6469 -9566
-9606 -182
1469 -5960
-6352 1046
-1038 -3970
1655 4910
-2225 7723
-3041 -2072
2139 -8524
8482 3786
582 -7100
-361 3318
21 -18
6443 729
-4527 4090
-4723 3282
1325 4209
-6213 756
2083 -6608
6914 3269
730 -1448
9872 6668
-1716 -1351
-2428 -2850
5 4
-5060 4481
-2754 -2330
5718 7237
-7885 9454
-9437 8461
-2679 -8707
-4633 4851
1909 2505
-1916 4886
9158 3588
8004 -8209
-2153 -266
-3270 -1847
2870 4096
-6115 8000
-2096 -6892
9197 -5821
7052 -3876
2657 -8580
-803 1413
-379 -282
3024 -7379
-146 -8308
4624 1050
2811 7697
-3479 8175
-351 283
-3412 3122
8346 8467
112 1978
-8050 -3682
-4062 3360
183 3110
736 273
-2455 -3469
-55 -88
3012 604
-7922 6554
-7409 -7417
-1190 3163
-214 -4584
-2865 2987
-5682 178
-3021 -1124
3106 1509
8690 -2625
-6824 687
441 -4178
-7040 -1353
2217 3599
-1735 -2191
1272 -2057
9323 2531
2453 1127
3512 4940
810 1009
-9042 739
-2251 1146
3595 -4290
8997 9924
9769 7817
-8628 -240
-1536 -953
-8555 207
1926 -1387
-3479 -3533
-9813 5552
-1712 -50
9599 7108
4 -1572
-2052 1997
-5621 -1394
9593 -4056
-1257 1455
-484 -771
6532 -803
-1330 -1060
8642 4622
-2604 862
9891 5857
4594 -595
1004 699
4974 7784
5392 2730
2541 8060
940 241
-8029 8280
8981 8324
1801 -8352
4099 -6792
7932 -5581
-4196 1168
6513 -7323
2 -45
-4732 538
9015 9924
-1737 951
3484 -3489
814 7760
-2114 3663
-4805 -883
-7877 -2669
-1344 -8687
-3094 -5124
-271 -8253
4930 5261
1578 1789
-2417 1610
4584 -2727
2070 7349
1150 4993
-3355 7457
7729 -60
-3658 -3601
-9570 3780
240 3109
2079 3074
2629 -4812
-81 -3756
-2447 -997
3213 -1082
-5392 -6422
-36 -8888
-5093 -808
-108 -1028
-3252 6931
1526 4116
1699 -970
283 545
-2737 6602
3995 -5496
318 7262
2682 -9441
-9782 -1652
-7085 789
-3762 306
1754 -6393
565 -804
-1599 8738
5109 4251
331 -1197
3111 -2220
-581 2746
2800 7454
-3054 -1097
1523 -1164
8281 -1399
1996 7293
393 -70
1070 -2632
-8349 -6639
-4819 9629
7906 -7727
8063 -3482
-3950 -4810
4709 2957
2444 -4820
-1357 -301
-3417 6759
2997 576
8767 1035
7470 -9318
-1492 -1163
-7841 4390
7764 4787
-76 273
-7708 -5625
-4211 4355
-2928 -8079
1007 427
7801 8411
-8120 987
2408 -3954
5177 1583
6000 2576
-581 -1517
-3295 1956
4034 1241
-2243 -2188
5153 -5968
186 3506
4076 -4462
801 -4608
4328 1405
1576 -6277
844 -4939
294 -1341
446 -962
-3429 -3123
-7140 -4375
-153 320
6891 -7266
-3472 -7904
-6956 3884
3433 4678
3648 -2633
2000 -1908
-679 -8485
3023 -2113
2904 -8484
-6363 -2001
-1669 1292
-449 8411
-1386 7921
4787 -1813
-2018 -7150
3586 -821
2394 -54
5548 7480
-512 387
6879 7750
-6385 649
4502 -4807
-616 -4116
7442 3970
-14 9235
1211 1161
5118 90
-699 -456
-8026 -3252
-617 -612
-9867 2678
-1213 -1102
-1049 4207
4194 6838
-2956 -4873
-8648 -9807
-4775 -19
2837 -9901
-4282 4163
485 -674
467 -3035
546 4964
2107 1885
-941 1300
2110 42
-9773 -1986
-3320 5174
-2918 8742
4939 4520
8276 6770
-1373 -1282
3549 2145
-5985 3933
-113 110
-8101 -3013
-708 -1359
957 8958
1594 9984
2946 2731
1616 1631
1449 1353
-247 -1003
4081 9556
9831 -2946
9382 6368
-1893 -2039
2036 1391
-7746 -2938
-8223 -9493
7238 -7400
-4662 -6361
-2697 -8187
-6770 -3206
3722 -747
2309 -1480
-3439 -8034
3623 2258
-7354 -1578
-1129 3397
421 7369
-2637 -3614
540 7214
-1727 6804
8103 -9413
6045 9489
-2932 25
314 -5304
-1138 -1753
-1892 1180
-1340 5739
-413 1550
-3532 -271
-93 -211
-972 -680
-611 -119
-5210 -60
1662 1666
6693 -8405
7779 2016
-3670 2680
7611 4707
9716 2663
6184 -9964
5778 -9095
-5021 3621
3584 -554
2088 1834
-7921 4787
-392 -109
-6590 -1766
-5043 8625
8655 -7108
-2077 2905
1959 -7886
-7894 -3427
2274 3666
771 352
222 7418
-3036 8476
7285 9532
-6285 4046
-9943 1109
-9508 6787
51 -5966
-3668 3229
-3535 3384
354 3138
-1080 2485
-5334 2631
2125 1018
-304 -1575
5494 -2275
-4430 -7010
-9182 -2934
3372 -4906
6385 -8187
-3470 -9226
8756 -1884
-7124 827
2440 -7255
9184 -6055
9449 -8031
2024 -9670
-4747 6118
-3097 434
-5633 -5389
-2329 264
-4771 -8194
-592 1062
972 -1068
1706 -3846
-9912 5275
3552 9226
3253 -4348
192 221
2043 115
4096 -4840
8970 -5932
9999 4933
-9354 7709
2570 6038
812 7209
-4159 6243
2360 -9547
-181 -5792
-50 5216
-6347 -1451
-4286 -3343
959 167
9412 -3127
-4714 -4023
-3474 -2480
-1667 -3026
3982 -8022
-8344 -8668
6144 28
-4164 3090
5513 2114
-1428 -8706
-4148 4061
-5239 -2566
6544 1693
-9432 -2066
-2153 -1456
4911 6990
-7502 -8444
8672 -6402
-677 -2349
-6902 7079
2990 -1899
-7856 1498
2414 -2708
1854 -9114
768 -6005
-5977 306
-887 -1014
-1919 -869
4889 -4789
333 -3031
9498 -4904
-4124 8934
3221 -1372
-5783 9060
-1026 5026
4956 -758
8219 -9564
-2777 1610
-254 394
2956 -9898
7266 4366
547 -215
3447 4585
-357 -1209
3098 -5060
9684 9207
9553 -9068
-168 -2356
9245 -5014
3582 4388
5283 9326
-2595 -806
5976 125
4179 5798
-1194 8113
8488 -8701
1758 5458
1547 -424
1468 603
-5085 -2057
-2860 -7009
-9190 -5595
4456 1463
7902 -368
4423 -4365
2791 -4374
9711 192
-3280 -4917
-5967 4679
-9458 -6618
9880 3999
-9812 -826
4160 4794
-4969 -8466
-4590 5788
293 -2081
1356 8072
6620 -8989
2941 8238
2763 -5997
8973 -2381
-1747 -5453
9283 -6158
-2860 -633
4660 -7263
-9114 2054
6103 -7362
-7597 1653
1255 -6532
-219 3799
3008 -7396
-6780 9829
8691 -4265
932 -995
-5159 7184
-9446 -8825
122 3707
6574 3908
7550 3733
263 4696
3276 -9173
6706 9774
632 1985
-8581 7936
2012 8127
1235 -5330
-4130 1196
-5636 -4942
6983 -9864
-7015 6915
7272 -6184
2408 5354
-8530 -8011
6970 -6301
-3765 7600
-4958 6715
8361 -7162
-471 -293
-8009 -2750
-4166 2079
915 -5247
-2221 -2449
9759 -6002
-4826 31
-8970 6484
-761 -999
-519 9492
4533 -7218
3904 2589
-7545 -6806
903 232
3810 5017
8198 7394
855 -1523
8948 790
3272 3055
1278 -4788
-206 -3916
-392 -7070
1347 -4438
2731 -2258
-9354 -1527
871 -520
-2547 -2975
-8935 -5012
-5908 -2080
-2601 3048
-3449 2785
4055 3132
4709 7088
49 124
-4627 4318
5570 -2096
865 -6114
-1086 8861
6593 -3434
470 -9537
419 -12
-2037 7010
-5472 -2180
8157 1065
9557 -8878
-9585 4091
-1177 -9470
8208 6889
-3733 4598
-6907 2914
-2408 1373
4470 -1361
-2229 -7245
9077 4119
2879 -4127
3338 -7030
-3613 -527
3196 -3320
5352 -613
1839 -5348
-6389 7177
-574 -944
2261 -592
380 681
1106 1642
-1061 607
-3726 6878
-3972 1166
-8944 8856
-7751 -8678
4666 -1438
1343 -1316
2069 1168
9926 6531
4057 8689
3055 -6460
670 -993
4660 3646
-3192 -3660
-2321 -9447
-9407 -9248
1018 506
-1365 379
2889 3073
-2752 9520
-8547 9180
-2030 -1162
-3101 -3553
1604 -918
4741 -8534
1330 -742
1978 -1745
-221 -3241
-1369 1080
-778 1322
-7163 5791
4314 7878
-5617 -1642
8185 -4920
-9267 -1493
-1333 2862
2916 -4186
7533 -3246
9501 -9848
1243 1723
-3484 -4936
1218 -1850
-5132 -6142
8 -2
4638 -610
3289 6696
-5634 -4346
-9227 -2299
-2556 6126
-1022 -2839
7783 -7165
3211 8829
-113 -145
-7011 -7729
26 -1631
-2430 1808
-8194 2005
-50 -179
6242 8474
9952 4218
1074 9707
464 1272
8338 9289
679 -852
7164 7908
4725 6
3527 2094
6009 -4064
-6606 6749
-578 -1742
-4287 -7492
-2656 -3174
-6944 -3778
2750 6202
1404 1591
-4584 5276
5155 -8023
-4150 3246
-8010 -6783
4719 -7609
-1089 8781
3372 -4727
-3244 -5593
134 1136
741 6573
-313 3507
1 -1828
-8391 -8157
1523 -1217
1391 -4552
4474 -2542
202 26
-9790 4760
-2279 -2707
-8187 7301
-3011 384
-3027 -18
8481 8250
-679 2907
443 -709
7426 6414
5399 1172
765 9925
6450 -1468
208 -2541
8336 5946
-7033 -3571
538 985
1521 -2265
-8528 7452
3554 3298
261 676
-7254 7954
8 5453
-9419 -4728
-3539 -8441
3871 9183
-6733 -5900
-3805 -1499
8101 4527
-5313 6319
2194 -4288
-1086 -669
-443 -984
-5024 -2952
-2484 2965
-7628 1296
117 3513
-5429 -7728
357 131
883 -2738
-3808 2851
2773 -2935
-8641 -5365
1164 5526
-742 3589
-4247 -6293
-5221 -2881
8569 9662
-4821 191
2193 -3153
-6025 -2436
1539 -9887
-4910 322
2772 -2545
-928 385
-1150 6496
-1978 -1727
-7842 -4036
737 830
-3474 -1441
6666 3272
-1094 -129
-3703 -4462
-5720 8604
214 1125
-9730 6051
-385 -1169
-4609 -3195
-123 -2839
9556 -2232
4061 4051
1742 1039
-733 -5924
-7885 7916
3526 5850
1881 3628
9049 -9872
-3402 -8601
1494 -8004
4879 658
115 -605
-3901 -3721
359 548
867 298
4038 2346
4607 1869
300 2679
-1152 -226
-8071 -6252
5879 -4048
6859 3340
136 -75
4154 -2154
-7504 -3202
3859 -7969
1115 -3737
-9185 -1181
3359 -8754
-3039 7942
646 906
3129 9247
-4244 6998
1739 6086
9382 9359
-3770 2458
1734 6033
7797 7088
-5826 -8388
7516 4977
7336 -401
-1499 -830
882 565
-1302 7934
-1981 -8617
5322 -7576
-595 539
9950 -8234
-1482 160
-4837 8426
-937 -602
-4978 -9263
-293 16
1779 -5121
4212 3488
-8178 -7309
3798 7974
4519 -2299
272 -1895
5224 -7486
578 -1982
1569 -8376
1122 -3322
339 -75
1093 5896
6213 7864
3675 -1290
-2338 -703
-5323 -6322
4760 -1084
4631 987
-6434 3601
1754 8075
4788 3035
5952 -1710
6036 -680
8855 2872
-7151 -3462
-2758 -5899
-7679 -286
-7014 -3807
-1015 6993
5684 4782
-8792 7294
-3503 4394
4533 -7851
-334 -221
-2011 37
-3884 4137
8568 -4314
-6014 370
-8554 -1373
-2753 -3160
823 585
-1829 -4192
-8824 5645
-204 -21
-25 130
-9069 8011
-1098 -7345
3743 5722
8799 -6277
2632 -3869
3974 2828
-2799 9949
-9789 8642
-4423 7612
-6844 8188
-722 -148
-6623 -1087
2000 5559
1362 1875
-1237 1002
1154 2129
3393 70
2074 -4439
2000 -7062
-1952 8187
-197 -96
-1867 2418
3581 -7577
9009 5426
-4265 4668
5690 -5956
-8507 -1538
-197 -516
-5078 -2144
5258 -3521
1678 77
-3835 166
3741 -8295
-2209 1085
5953 -8014
1644 -1361
213 9698
7803 -1587
3318 2446
3634 8597
-500 -1473
-3302 2979
5009 -2211
-1120 690
-9357 -7408
-9007 2962
2505 9126
-598 -7907
-8571 8032
1335 -5447
2053 2681
1180 -1226
-3782 3492
-8234 -5736
-2529 763
7202 -4478
-1038 131
448 -7188
1842 -6888
1212 -43
154 -181
1453 946
-6208 -4966
-7528 -7966
3019 -6276
363 3707
-6692 -7369
-9372 3045
1694 7657
-1492 35
1216 -54
268 253
-4807 -3570
-2216 3779
1333 1441
775 -1087
-4124 6048
9671 -8729
5777 3763
5632 -7414
-5336 2254
1512 179
-1819 4058
-865 976
-9004 -6867
-2211 -68
-280 5763
999 -3555
-1223 -1851
-783 7998
-946 -88
3202 -8942
1779 -4504
-6654 3453
-4871 3168
-102 -465
4400 -2127
8514 6240
6737 6210
-402 -101
-9710 8039
2301 -3910
561 -4377
2132 -2610
-3987 -1046
-5643 -906
-5420 7216
2597 -7645
3222 -4798
-219 273
7495 -5965
-8338 6294
4527 -2506
6997 -3179
-7266 2537
233 -4539
-2254 -1825
8395 9747
4702 -2960
-2 86
-3071 -4181
-4096 -9798
999 3111
5566 -6059
5122 6237
-211 -622
1186 -4118
-8206 -8002
-7523 -8063
8446 -3927
4474 -2794
9043 5889
-3322 -2563
-1600 8993
-5701 -8327
458 -7245
-1009 9647
-3278 -1824
-9945 3922
7597 9815
2506 -8671
-9191 2726
-4367 -4548
2574 -8778
-4286 1179
-2715 3223
9501 -5805
6486 4415
-5622 -544
7982 8914
1 -545
7620 3582
1802 -6126
7090 8837
-1742 3688
880 -2712
-1678 -3185
-1540 -385
-824 -4463
5265 4913
8035 3943
-819 1373
-5724 7039
9083 836
-4478 465
3570 -9778
8286 -6151
-3842 -8134
1084 -649
2907 -3419
-9975 5579
-5 -1289
9421 8549
3955 2684
5926 -2904
-5072 361
4033 8513
7981 6908
2793 -2056
6016 -8048
3581 3133
-6282 1569
2798 3153
-3840 7757
-6206 9614
7297 -4465
7395 -5201
1512 -1313
-1418 3394
-1550 5374
-1698 1333
-7553 -5182
6216 8799
-2421 253
6611 1841
9801 -2954
-374 -4
-8050 5014
7372 1670
2645 143
-4650 -3478
9376 -2939
2542 3945
4877 7925
5582 -4389
9759 -1117
1408 9846
4069 1720
8001 8072
-4684 -1513
-1258 7202
1936 365
-242 883
-7406 -2035
2764 1332
4781 -3667
4801 5005
796 5078
9857 3920
-5103 -8682
870 383
-1612 285
-6880 -1896
984 -988
-7323 3169
-6564 7208
3081 3740
8687 -2643
8357 -1311
-5275 -9219
9872 -6790
3660 4173
8603 5428
183 -3316
6688 3823
-2475 -4369
-8816 -5217
2423 -3365
4921 8377
-964 633
-3952 -3786
599 -1541
-4074 -3510
7779 303
-5587 5745
-4062 4019
-8116 3064
3797 6160
-2408 -5550
-7713 5205
3360 644
692 -3099
-7388 5514
265 201
-2696 -7609
-784 685
6686 6524
-525 -5105
3378 -8010
-7376 4894
-587 4962
528 4463
477 943
-6390 -6447
-7916 6354
5268 4846
-3262 2332
5948 -9638
-7831 7247
-1758 179
-6612 -4635
-6301 -321
-7793 3012
-8025 9710
4542 4998
-629 503
-9602 -3213
-571 -781
-2153 -8137
2246 1667
-1626 -9301
239 5418
-7334 -9262
1733 1392
-1563 1082
-212 -4492
770 -5607
7277 6890
7785 -4294
1723 1545
-99 -214
-2982 7593
-9690 6092
2298 2763
-2132 -2381
-6671 -8067
-3237 2509
-4848 1736
4761 -598
-5626 3856
-7580 -7192
-1211 -1454
-3092 -685
7896 -1359
5205 9066
2239 99
-2446 -6883
-4693 -3586
-3648 -3232
-650 6173
-635 -1198
1872 -9042
4699 6992
-101 5877
9161 54
-304 9857
-4160 4324
3365 9628
-77 -1011
288 3938
-5326 -8817
-8508 -6105
-7386 -1932
-5792 6402
-7250 5674
5150 2142
250 -1788
-8160 5180
7770 219
1478 819
8272 5327
-9764 -7458
3144 7143
561 -2335
-3599 -208
3515 4259
-3956 -9712
749 8074
4424 6979
-5162 -6783
5997 -7399
4418 8085
-9645 -9321
9835 7085
-2005 3740
4270 -3403
1981 9609
7236 -4880
192 3772
459 -101
8499 -8647
-9232 6234
-1339 512
-76 3273
9562 6174
-202 -416
-4306 6130
3582 2844
741 465
-5885 -9582
-2491 -4117
-7022 -195
-8865 -393
-3913 -8909
-3793 -9840
-3771 3814
1013 9383
-7302 3296
6249 1027
-152 9536
-714 -271
2322 -4312
-6838 -9117
-3980 -4057
-775 -1427
-9907 7938
-354 623
-5200 6086
992 7980
7726 6256
-9675 -5612
872 969
5516 -5270
-7512 -8199
-9346 -9285
-9502 9962
-8002 -9038
6135 -6021
3968 -1311
4572 -429
-1978 -5781
179 -2165
-6727 5121
-2548 4013
-1495 -3283
-8981 -1829
-4203 256
-4824 3495
607 424
594 3081
3135 4807
-1662 5828
-4335 8204
268 -174
656 -74
5811 8956
-7854 9593
-339 -1412
7422 9880
-1099 4451
6799 3645
-5052 -270
-3157 198
-1443 631
7423 -1956
-2884 -8038
-9689 -1273
-4047 2437
476 3858
250 186
4648 -4474
577 -1111
-6982 7737
-7705 -2030
-4086 1675
-6587 -1042
-101 -6636
6446 3620
-3825 7142
793 -6891
517 -8295
94 52
2464 7618
2903 -1798
-613 -1398
-7506 7374
-8108 -5307
565 1747
794 7702
2380 -6498
-5649 8419
-5286 -6503
-8822 1263
-6637 -2130
905 -2284
-5780 166
-1768 -2087
-9875 -9176
251 1305
-5991 -1015
-3539 3663
-3536 3486
-2820 -2250
-1781 2752
-8379 -1437
-1879 -5790
-8390 1068
4241 -3579
2151 -288
-841 1337
-491 407
-2312 6138
-9056 4706
5592 6352
-643 -4723
-785 1874
-8171 4274
2804 -1536
-912 -9558
-4346 -2817
-353 12
5002 5858
-395 -9731
-9830 7057
-200 -2520
-2499 -4616
-7682 -850
-627 8846
5264 -4696
8907 -9192
4196 7991
-4612 -7673
6559 -7577
5268 -7817
881 7383
65 -593
-3104 7759
-1223 1207
-1731 3853
9470 4136
-1814 4284
-8329 5901
-8518 720
3307 -91
-590 232
-5057 -5612
-2953 4813
-1177 -1593
-2119 -1975
3715 -6407
-117 47
9667 6116
6755 -2418
-7653 5501
7295 -3029
-2502 -4123
-9218 731
946 349
-2535 -9584
4625 -2731
4106 2776
1708 3215
6744 1360
-7644 1227
7257 6658
-3403 2185
1202 -3228
8346 928
-8461 -886
3450 7134
2470 644
-5611 -4722
-333 293
3113 1756
-8341 -7136
-2951 2196
9896 279
-1337 -3839
9790 -9998
4987 4806
7747 4709
-8919 1911
4658 -2090
-8915 -4677
-229 -1024
2595 9051
2202 1596
3262 4576
-5733 1160
-1918 7296
4492 -9198
-3156 -312
1586 725
-1207 1999
-391 -6715
-151 398
-2157 -5435
-5866 5647
9249 8073
-238 -9208
7627 3803
-1179 173
-7534 9181
2536 6010
7427 5794
-3410 -2232
4140 431
7543 2706
528 -121
-63 1067
-183 322
-846 -685
2182 -6194
-9956 -5931
2743 8541
-9620 -8276
-256 9128
2685 -2353
-6631 -5457
-5878 6414
7504 2134
-7 -347
-2581 -9514
1986 2016
3995 603
2823 -5960
7977 417
431 -312
-2916 -6989
-3146 412
1699 4140
3964 -67
-9382 -4323
-82 65
4419 -432
5611 6998
-1060 6550
-4969 -8365
7318 -7459
-8905 1864
-1092 229
5667 5353
8408 -5942
-9289 -2079
-60 -92
3435 -6331
-7563 6747
-557 9073
4144 -1026
9964 -8766
4259 316
-2950 -1134
-3186 -7082
4033 -457
-22 19
4700 6266
-1690 -8572
-7704 7505
3151 6376
-1798 3031
2344 -1755
-8650 7055
5336 7655
6350 1135
-3683 -1044
2884 8447
-5312 -1998
864 -444
-3503 -8467
4309 634
1553 -8603
-4392 -303
-718 2394
-4054 -423
-1221 401
-3017 -3257
-2 -1
-6102 -9677
3113 5079
-2703 5255
4234 -8244
2308 1830
1408 161
-1648 7614
-4537 1948
-7738 8023
-2016 4894
-5478 8062
-6772 1676
-47 1928
5242 -1888
-618 1426
-131 2160
4491 -3271
-5422 -4428
9495 2755
-173 -680
2063 -3142
-756 -4639
-868 573
-682 -4703
-234 1623
4460 -9762
1198 3221
-317 -326
-4465 -3019
-4059 -7611
-5059 -8390
2761 1127
4722 -3316
-791 1251
2913 6025
9496 4745
-3965 -473
-8489 541
-103 -8056
3520 1930
-9344 -4689
-2150 -7077
1652 1429
-9850 -8031
320 -9688
3318 572
4913 290
4717 -3749
6889 7048
-3552 -2358
-420 -85
-1673 -8553
-5408 -9721
1201 -2080
-3613 -8617
-4495 -412
-378 -3590
-6815 5871
2116 9146
3160 221
4389 -1933
694 -8845
-1371 -706
-360 -4671
-3365 -7025
864 -6616
9442 -2052
7098 837
1194 -3577
-9814 1231
-5761 -5057
-8935 6316
-8675 2062
-8665 -251
-1424 1206
1866 -3756
4156 9984
-4729 420
-1769 -2452
2808 -6226
2395 98
-6784 7652
-9762 -2171
-3105 -2881
-6595 -4609
-314 1152
-6196 5163
4447 -2853
9108 7941
8224 -9955
193 -4560
-8118 -1354
-3993 82
-3140 -1804
5354 -5206
-8747 2053
1725 2884
-4663 2689
29 55
4670 -8153
-8932 -858
8490 2204
-1208 -5054
1658 -317
-69 -40
-937 -103
-1077 -1514
-7176 6967
2685 -3784
-9911 -3192
-3775 -3968
-2497 -3927
-6822 5023
-8824 -1071
862 1203
-379 713
-958 1374
-4381 5359
-6577 9847
-1282 -1395
-3955 -9274
2612 -7808
-5507 4602
-864 -7344
-3790 3609
-9251 4618
8533 7997
-1190 -4801
-3516 8196
2448 -7566
316 3298
-3087 1721
8902 3982
7938 -2649
-670 -1029
4072 -8871
-6879 6010
-219 9519
610 -292
-2283 8267
-3438 -4231
5937 -8822
-2399 4602
8195 -4429
-3214 -2109
3305 -150
-526 -133
1139 1595
-2 -1
-2 -2
-7251 260
3323 1907
-4363 6848
-1381 1309
772 -5466
-1043 5846
-3291 3371
565 4553
-9290 8922
-1251 -5188
-7495 -5068
2829 7121
-8671 181
628 7956
-3173 -4793
-456 5560
2966 -3086
-2607 6437
-483 -6560
9361 -8117
1435 -8662
3898 7106
4298 -1631
-9937 7302
3443 -1402
753 -4914
-4188 -6246
-9438 -4534
3301 -5909
8312 5462
5032 -72
-7588 2743
-626 -4933
5007 -6911
4324 -8306
-8450 6679
5260 4396
-9088 -8172
8988 -836
1706 7493
3956 6773
4862 -8026
-9965 3286
5895 8781
-3123 6176
5898 -4010
1503 -4132
3864 6015
2742 5578
1339 -7676
698 534
-8267 9135
412 2765
-3726 -8742
-7172 -2654
3298 5078
-6988 5542
7405 -4430
-6226 5543
2860 -5126
-9612 -4695
3198 -8117
6731 -9532
9241 5844
-5090 6142
-8545 -548
-2637 9406
-349 -7726
9090 -4680
2030 -6599
8258 -8622
-912 -9857
6753 -5107
-5195 -7688
8321 4663
-202 -9287
3978 4722
2125 3738
4717 5241
8075 9599
8915 6511
818 -6707
-2027 -5226
926 -3149
3813 8243
9255 9197
9340 6776
-3183 642
-5532 791
3893 6775
8602 3404
7589 4844
-5584 9016
-5259 6415
-1674 9308
285 -759
-2814 9627
1117 2945
-8895 -8010
5749 1409
6277 8767
5704 -4420
9803 4421
-5851 -6640
-3918 -423
-2167 -9367
4281 -8168
-3750 -5733
4662 -8869
-726 1249
-940 7020
9540 -8406
8871 -611
-6381 -7966
-2234 4169
4127 -3491
3977 683
-6267 -2464
5266 -9565
-4269 -7932
-9115 -5054
-1404 3388
5958 5429
618 8965
6853 4670
-2939 2900
1889 9494
2300 -5872
3538 -7110
2304 -8327
-2735 510
-3468 -9627
-1241 2816
1457 7948
380 -6297
-7301 3119
6230 6208
5087 -2100
6276 -675
4738 -5488
-3315 2910
6328 -2594
2261 7575
-7735 1359
4715 5194
5729 2869
-5659 -6929
4151 1276
5138 -7412
-8062 -4382
-8846 -3481
-3749 8855
3188 2904
-3338 -3323
3930 4704
6266 -1910
-8936 -1051
-1941 -2178
6427 7429
7724 -5091
-3720 4521
-9704 904
-1315 1013
6697 -4502
3905 8756
-776 -5887
-5104 -6084
585 -1391
9856 224
287 -2248
5936 6892
-9281 -1489
1922 2280
1980 8558
59 -5660
9081 4377
1390 4765
-1880 1846
-3905 -3423
6953 -5497
-8271 8508
7858 -7046
3785 725
-8356 -5776
2725 3501
5180 1747
-5281 5312
-6628 -5355
9863 -2429
-4717 4420
2021 3648
6099 7481
-9181 -4998
-659 -9118
-5157 -8103
4540 -9062
-9536 -3395
2639 9800
-9420 -4149
-824 -7545
3580 -1052
-8538 -4881
7972 7100
-8286 2007
2461 6291
-5956 -4464
9138 -8184
8944 8269
-9749 2770
-5805 5130
9681 2285
-7340 4682
-4650 3221
-6883 5222
-3425 -1155
9523 -3522
4799 -2990
-7643 2457
-7931 8728
8918 -5810
-3647 -5311
-6563 6923
5104 -5253
8990 8835
-6235 7008
-8885 -8814
-3811 -7832
-9495 -2205
9051 2638
8632 -385
7035 -6175
9554 4682
-8025 -1838
1579 -7548
3253 -1841
-837 4764
-9358 -7096
-1215 -9844
9320 -5435
-1863 4020
9858 -3213
-6076 -6301
-2003 9938
5106 9846
6652 -4931
9509 -597
-7047 -3096
4223 -6322
2785 -7077
3285 -171
294 -3692
-7229 -7199
-3027 -3457
-2707 4045
-1656 6134
-1089 -6164
9419 -1726
7106 -3219
7298 -1291
-1337 7477
5087 -7159
-5185 -1960
-31 5831
1914 -6041
9296 -2397
-7569 1426
1081 -919
-424 6917
-4055 1314
1854 3214
2086 -6623
-4459 -4056
3421 8178
-6899 9757
3830 2873
2435 -3367
-8654 6267
-550 -5662
8650 6288
-2103 2301
5095 4236
-4261 -5112
-1025 59
438 -6552
-1586 7587
-5739 -6628
-7179 4306
-7837 -4443
4318 -6463
473 -9564
4069 -2871
-7302 -480
4975 4742
-1222 2696
-4958 -6989
6944 -4857
8505 152
-3200 8413
9039 -8636
3783 3823
2766 7136
8354 -722
-7667 -8626
-2511 -9286
-924 -6126
7328 4356
9101 6784
1008 -3354
-123 -2158
-1146 2419
5056 9681
-9500 1216
923 -9193
9450 -9782
5918 5927
6897 355
-4263 2477
-4517 -7220
8668 -2264
2136 -1948
-4353 2579
-9112 -9324
4204 8884
7820 4038
6628 -5363
-7954 -1076
-32 -9178
-5408 -896
-9249 5574
-4018 5219
6987 1656
-8410 1531
-2893 -544
3202 -4261
-8984 -5969
3816 -1655
-8585 -7673
-5422 -2504
-9298 332
6099 6694
-7598 -9752
493 -9502
-9705 6108
8189 -3974
-3361 -3165
9715 4728
-6957 -185
4143 8917
4186 7920
-5888 3164
-7891 -1944
-4947 -5518
1605 -7763
9603 -5033
-7585 3991
6702 -1333
-4710 -9093
6096 -8289
8668 -5468
5746 6458
-5494 -3829
4573 -1644
-634 3554
-6787 -5351
8867 5466
-6745 -4081
4655 -7280
9258 -667
-4580 -9554
1682 9952
7703 -4746
4209 -5864
-5270 5442
-2722 4546
659 -2398
5545 -1866
-9678 4001
9952 9135
4882 -1666
5869 -4056
-9207 1746
8554 4673
2992 -1399
8461 9618
-6187 -2692
8819 6450
1287 203
8503 -1407
269 -1390
7395 6305
965 8640
-2289 8232
-6576 4402
-6932 7871
8028 -5786
-2149 6162
4528 406
-961 -6769
9690 -6777
9734 8938
-1187 963
9909 7175
-339 -1592
9858 552
6719 -3958
-9669 8479
8607 1630
-6875 6382
2298 9942
8490 4365
531 -4237
7559 2011
5739 -846
-4448 654
6004 2221
-3599 -9364
3226 9637
4836 -1691
-4772 -8828
3759 -7065
4594 2872
3960 -187
3454 -8253
-8963 -1504
-3009 8359
-8721 -2980
8579 9872
3308 -1120
3806 5415
3868 8052
-5466 7509
4955 -4803
9762 2076
1483 -7010
4446 -8951
-5794 -6877
-3987 -409
4498 -8168
-7171 9562
-2776 6081
-1531 -8335
-9876 -287
-1815 -5705
-6502 -4240
547 -4664
-5213 1311
-5145 -6583
-282 474
6759 -9527
-4990 8595
-1599 -5723
-4651 9479
-5956 1246
4901 -9651
-1445 3971
-8783 -9538
-1284 -270
-606 -7420
-2993 2574
4609 1745
-7163 8308
2548 101
-8455 1468
-6046 -6443
-5013 -625
8006 8696
8441 -973
-8774 -8362
6057 8223
9059 -2345
-7448 -3392
-1234 7271
-3415 -8366
-8740 2456
7285 -8823
306 5652
-8338 -9211
7188 8450
-1583 5928
-1855 -1858
-7104 -3040
8467 -1197
7296 -3733
-1891 -7246
9974 3877
1025 7587
-2560 -8820
4080 -2012
-5826 560
6552 -7037
3557 6067
-8479 -1262
7309 -1571
-9819 9973
9597 715
-4973 -9899
3909 -8242
6120 8510
-1415 298
481 -5194
4919 -933
9826 -5882
-1317 489
3856 3629
-1183 6768
8101 6342
4192 5134
-8464 -2277
-7617 -8830
-1573 3275
5030 -87
-4552 -6964
3981 -3881
2361 1890
-9325 -4958
-3694 -5159
7985 354
-5778 -7102
-9695 -6880
-9254 -7088
-7761 -5521
3258 -331
9780 66
8808 4502
-9131 6718
6317 9926
-2729 -4605
6941 2983
-8660 5110
-8588 -6827
-9047 2984
-62 2753
3013 7909
3460 2720
-1158 9215
2695 -3579
1513 1880
6316 8981
-5430 -1122
-2741 1430
9410 4423
4949 7996
4340 -2464
7863 2029
8641 4954
-732 -6841
-6686 2051
-9610 -8797
5262 -4028
8037 3520
3414 2228
-7627 9489
-5061 9911
-6011 6943
-5271 -7608
2230 -7517
9568 -3538
-4608 278
-3535 -4745
1367 8021
-5337 8590
-3341 1396
-1018 8068
2915 675
-2846 -6973
7126 -4375
-3951 -6548
-411 9303
887 2484
-409 -3319
768 919
2547 -2366
-4452 29
-7394 1357
9175 1755
6144 -1961
-9102 -9405
-7823 9650
-8607 -8008
-8766 -9209
1145 -5603
-5573 -5032
8972 4496
8405 612
-7102 -4221
-152 8050
-2271 -8635
-5690 -3727
-9239 -6605
3903 -6402
6163 8137
-742 1953
33 1872
-3415 9410
1131 4051
9732 6529
2900 -480
3553 8942
4554 -5224
8896 4235
-8187 3837
3109 593
-1081 6219
-6355 -2104
-6259 2949
5329 -4386
-9716 -1741
-8870 4864
-1012 -3603
8822 3356
-5489 -9821
6559 4580
-1266 7900
2923 9609
6808 1893
310 3172
-8005 -9904
4492 -7268
7911 2804
5613 2751
3004 -669
-9782 6949
4499 -8112
-7254 -2879
8293 -1029
-2599 1418
5495 -9737
-3329 -8170
-3542 -6683
9389 -5167
-2600 -9587
1316 -4229
8497 -4570
-6623 7291
-3032 3947
6944 -1831
1175 -8066
-9853 -9849
628 7583
8215 1252
2409 2647
7072 -5716
-1331 -6122
1371 2921
-5860 9036
-1303 3439
-7122 -247
6710 -3575
9223 -1097
-8165 -6933
-6740 2207
-1844 6425
-3236 -1564
-2507 -7618
571 -7344
-8093 1057
3689 -2558
-7240 -3648
7377 6513
1354 -3168
-5514 9389
-4351 -152
8601 -1849
-1089 -1372
-667 9111
-6680 7313
3455 -9972
-4041 -7736
182 5712
-9368 -6425
-6588 9537
2717 -1379
-3086 -3386
-7941 -1480
9270 -4475
5770 -5486
3493 8756
2913 -8057
7378 -7043
8022 -4650
7847 4042
8797 9397
-4157 8919
-3078 -8035
4413 1346
-782 -3153
6034 -5788
-712 5276
-3083 -1659
-3177 -3742
9872 8954
4370 -1106
6157 4841
-6293 -7199
7854 2341
-9327 -3247
4033 -3696
-4642 1232
-2609 -5024
6586 4115
-6570 -8798
-3206 -6193
770 2762
-3979 -5217
-4892 545
8313 -6917
379 1724
3744 -3971
2417 7445
-211 -5549
3772 -3090
-6922 3840
-6924 -6353
9776 1071
7160 8493
-3617 2522
7336 -4939
9224 -5095
2881 -5272
5580 -4212
1361 2186
-7437 7051
7330 7096
-1483 8915
9276 -5076
-5808 601
-3235 916
1221 7344
-2694 9218
4530 -4040
209 -7464
7636 -4768
-6159 -4332
3673 -284
466 7434
-202 -7159
3214 -6870
6659 3557
9419 -820
2352 2534
-3479 -1568
-6844 -1136
-100 -2262
-6635 -3862
9599 -7991
9178 -3370
5401 -5746
9875 -1172
7977 -5086
5126 -7559
-1217 4817
8993 -7220
902 -5303
-5603 1561
-5765 -275
15 -7134
-1179 7781
-8201 9720
906 -5547
-1113 1708
3957 6824
-7491 7276
-8204 6847
7634 -2825
-9019 4567
1645 -8710
5981 -9790
3786 -8829
8545 6144
3461 -4249
5949 6760
1393 -5069
5092 3829
-9420 2612
121 1050
2221 7713
-9065 112
-726 -729
9813 -8134
-7780 5794
1087 8700
4997 2199
7886 8589
-9519 2383
-1060 -8427
2724 -816
2342 3506
506 -2217
9440 7147
-9505 8382
8411 -1370
-4350 -7142
3874 1866
8298 4704
-4367 -6094
-2636 4127
-4300 4243
-6805 7549
-2908 -4898
-2847 -1216
-9008 4858
2576 -3941
246 7461
7687 -844
5749 -912
5615 -8996
1297 6625
-3701 -6949
-4633 -1176
8084 4667
2956 9962
4172 6923
4582 -410
-153 2034
2531 5423
2855 8270
7554 -5788
3326 -4049
-6455 7170
6407 -7425
4962 6471
4706 1457
4822 4169
-722 4728
-2527 -8947
-2692 -11
-2816 6708
-4522 8771
-5645 1753
3098 4107
79 -3075
700 2423
-9204 -8039
-2341 2239
-7962 9918
9951 -3210
9753 4065
2760 -8351
8877 -6780
9323 6201
-188 -3410
2451 -2590
-6733 1294
6505 -9195
9894 -2778
-7601 2297
7495 -4602
1028 776
-3213 1406
-6742 -6848
9362 -8162
9480 -845
-7204 6788
7606 1758
3227 8223
3807 7510
8057 -4219
-8654 -804
9339 4940
7353 4172
-9837 -592
1595 -6400
-5930 2618
-8074 4143
-6513 -8367
9601 -5908
4385 -1679
3706 6723
9704 3014
1826 6112
-693 9299
-5021 6380
-530 -4831
1902 -6864
2909 77
-8865 3814
-9933 -6112
4018 -2199
-3909 3659
3406 -9761
5176 -6018
7175 6237
391 3602
-1488 -6592
6670 9380
-2307 -5368
-5549 -1404
-5936 4441
-4106 -5181
5328 4861
-9957 2390
-401 -1028
-8212 -5904
-7261 -8934
1017 -4291
2572 -2761
6612 791
3081 627
9225 -9941
-5618 -7169
-927 9868
-9187 -1535
-4293 -4443
6918 -8442
551 -1672
-586 2720
2924 -3031
5728 -9863
6616 462
8476 3765
-8435 -2334
8179 -8414
3655 -4261
-9673 9726
-4085 2310
-9235 -4719
4335 -2895
5705 -396
3940 -7635
-6298 5792
136 8979
-6649 2843
6058 -4735
-9517 1979
-3567 2000
-1150 -8860
4164 7607
7910 4444
5402 -5729
-8539 -9032
-1473 8029
-5006 -2570
-6508 -9607
-341 9750
-2211 9718
-1174 -7934
-7781 -2687
7901 -6026
2855 -3339
-8739 -9207
-8507 -7009
-8690 -3774
-4719 -6577
-8609 2681
-6345 2595
-4693 -1361
7627 -1796
-4052 -7229
-3705 6524
-7428 6490
-5232 9209
5571 1484
-8767 7789
-9566 -8890
-8575 2113
-555 6255
-9272 8518
2080 -213
-1436 -8298
7491 5836
-2901 9290
-4366 -1214
8949 -1473
5063 -3049
-6682 -6899
1172 515
2968 1803
-2101 -3825
2313 -1422
3093 2140
-2235 -8198
-3780 -7925
9752 19
6799 -6729
-6786 5909
1787 407
8145 4426
1867 5318
-3964 6037
-4172 -7156
-5466 1201
-1398 9725
4194 9850
3285 3747
6784 1632
-5134 -1311
2083 -2438
-6820 693
-6887 -1585
3363 -2176
284 -4489
-5524 -4639
1601 -8248
-646 -2412
2602 9758
2984 -6837
1126 894
-8919 -515
982 -1411
7804 6342
557 2377
6338 5335
7539 -8821
-767 -4344
-6163 -6792
6252 2219
-7151 -8698
598 -9834
-6151 -7895
-8686 -2182
-4460 -7667
7243 8142
-6485 -42
7171 4890
4884 4757
-3596 -4986
-7798 4033
-2857 332
5833 -1123
-3603 873
-1820 2106
2490 6221
6060 9439
-5013 -7451
2821 -4947
5299 2322
7393 1729
6716 4837
-1718 -9890
4718 7715
-88 -1256
1012 -384
5554 -9506
5280 -8939
5453 -8951
-7815 6546
2352 -7107
96 3002
-6801 -8120
3523 9834
4568 2992
-87 3723
3207 -3955
356 -2292
9362 7909
2334 -8882
2691 1089
-9458 -7440
-1390 2967
6897 -3125
-4692 -3016
-7876 1906
4154 -762
2915 6109
4941 -5181
-2518 4751
-3407 -5329
2765 -6213
-4736 -3848
8982 -615
-3506 -9743
-7656 9084
-2825 618
-7596 6876
-8786 -5011
-1838 8237
3653 313
6749 3838
-9046 2936
4665 -7671
-5082 4177
8960 -8147
9284 6617
260 2617
9224 6852
5047 -3922
1947 -8671
-972 -9474
-99 4002
-1335 1016
8152 -6917
4619 7587
-8041 2872
4844 -1461
3420 9718
2669 4046
-7990 4539
8086 -8580
-5103 5268
-9640 -8641
-1975 2231
-5712 4624
-8942 9680
4405 5844
3251 -1764
1361 9022
-9977 -7086
2678 -8881
-9923 -3531
-5134 -2911
-7574 8094
98 8374
8694 6121
-2339 7148
-3471 9391
-7627 7975
2046 5737
-1932 -8831
400 -46
1647 9168
-4405 8295
8239 6522
4114 5763
-4780 3955
-791 -2864
9331 9963
-7481 -5685
-299 -8231
2165 -3869
-473 6403
-2037 3190
9333 6199
-5456 -6203
-6494 -2625
9720 8157
-2226 1999
-9111 -4130
713 -2066
3503 1707
9172 8140
-1965 6603
8863 -2435
1587 9042
-8969 3535
-4468 -505
4297 -2511
-7410 5733
6682 8790
4512 -1766
5600 -9830
-4602 -6374
-3141 -449
3772 8920
-4304 9491
9700 -7146
-396 2425
-3753 -5644
9918 8698
-5769 5288
5208 1085
-3359 -8176
2230 9788
-7751 6881
8726 4266
409 3851
1766 -7389
7368 2302
-189 8334
-6609 -4820
1087 -2064
8688 -7517
-4352 1073
-2911 8704
5529 -3898
-787 8025
4473 -3654
-3860 1884
-672 878
-9954 -2919
-3929 -7993
5482 7190
5211 -6766
5000 4166
8239 -2834
-485 9560
2376 1080
792 3964
-3226 -6798
5146 -6954
5786 756
1830 -5975
6385 5218
8171 -9877
-3013 2627
8400 4455
-4459 1868
8171 5656
2120 1236
-3128 -9717
3199 6686
-6138 -6772
-3715 6216
-3684 1335
2840 -6568
5641 1012
-8463 9246
9992 -3729
2850 7019
8660 -3082
-119 6531
1548 -4034
-2805 5131
-7138 -8943
7762 760
4712 -8015
-3586 7635
-6111 -1501
-7460 -1406
6232 -9331
4844 -4111
-7829 -702
2006 6409
-5982 8445
1638 7447
-4022 1933
2383 -6215
3798 9744
6858 7860
3367 -3312
5456 -6622
8354 -437
-8856 -5358
5637 -154
-6713 -3360
-3657 -2022
-6928 4435
-7454 -15
3215 6757
-2162 7527
3174 6081
5359 -7386
149 3040
-7744 5019
-436 -6816
6104 -8337
-7657 9620
439 -3843
6504 4467
2719 -5229
4248 -4361
-668 839
-8501 1384
-3579 -9991
-7900 3628
-2827 5327
-3773 1343
5006 8318
-634 -8508
-5144 -7468
4099 -7553
3961 2715
-2496 -3904
-5880 2756
-7049 -3601
-1921 -1008
-1658 -1673
-415 -6121
-729 -3405
-4145 -9124
2931 -941
3268 762
6720 -3532
4367 -5410
-1334 -8447
-4945 -8686
-3672 4804
-3148 -5119
-214 5254
6738 9615
-1485 3995
7321 -1980
-5557 1041
-3298 -3166
-8072 -7431
-5471 9443
-8469 7070
3817 -2145
-7778 9290
4713 3608
47 -1322
-8454 -2053
579 -6583
-5118 -8998
549 -4995
-4610 -3430
7006 306
-4673 8158
-7817 -1874
966 117
8035 -8575
9304 -677
1488 6799
-8172 3938
147 -2489
2283 -3863
-7025 7487
-9254 7948
4618 525
2478 -6737
2896 7086
5491 434
7069 8727
-757 4907
-9067 -9031
-3667 -997
-991 9542
-8644 8897
-3944 -1716
4780 -1807
100 -3474
-9944 -242
2065 1976
2364 8935
5627 9575
-9314 -9960
-8061 9449
-228 9015
-2974 -8394
-7956 -5451
-8658 -317
-6132 -7164
-832 1024
-6831 6646
3964 2175
4851 -8104
1230 -3837
-6341 -4622
-1624 -8612
-6610 -5183
2855 6530
-2013 -8656
-8032 -3329
4041 6894
-3415 8143
1361 -5901
-248 1377
-1250 1233
8703 3131
-4261 -919
5497 -6999
4946 135
-6445 4056
673 9811
3970 -8318
4120 -5028
2319 -2906
8492 -9568
-180 -6866
-8038 -7580
6535 -8654
-235 -5943
-8150 4114
1701 -8834
-2357 4478
-7950 8279
-9412 9605
8827 -4792
3635 -3905
6278 6457
3833 -2457
-5513 -4990
-711 -7885
-9887 1114
5590 -4875
-7996 -2390
-5586 -6164
-3177 -5692
1866 2085
-9526 9444
-3556 2000
1125 2339
-3398 7457
2094 8048
-1234 -9783
7592 2345
8244 3757
7328 2504
-2900 726
-4521 4744
-1543 -4517
5850 -1130
6693 -272
2816 1960
-2456 6091
7583 9332
-6876 -2133
-9 9467
7628 -8497
9205 -300
8085 1122
8864 -4030
4347 -5602
-3983 -763
3671 -9170
7617 -8069
-420 -5234
-8794 -9425
-4537 -1042
-7034 -8361
-9356 -1250
-850 -8428
-9596 -2616
3246 -3072
9445 4431
8759 9488
9238 -4912
-3764 -3170
2690 2042
1977 -8121
6206 -6030
-8945 37
-1284 2905
3784 -285
8809 2947
-6279 -8779
-3481 -6784
-2938 -6026
8351 -5269
-8101 3296
2952 7279
7285 -9270
-595 -7630
6602 8938
-2096 7493
4394 -2977
1761 8170
-9622 2237
9032 -8412
-6823 -163
5485 8359
6595 -6695
211 7872
4401 1924
5817 -4100
875 -1195
7488 -2807
-1010 3129
-2296 7408
6845 -4411
-1798 5681
3494 -7651
5566 -8686
139 -7363
-3845 -777
-459 5480
9095 8128
-3300 9864
4088 -9794
-577 -5338
-6547 513
-9577 -2814
6617 -2253
-8635 -5406
-5596 9377
-4399 227
6600 -1173
859 -8020
9865 -2446
509 9731
8714 9105
-5510 -7214
-6504 9536
-6699 7274
6967 -2484
1343 -4609
-4606 8986
-8149 -3740
2405 -826
1895 5736
4076 6583
1908 4589
7833 7115
-5425 -3420
-4571 6694
1171 -4841
4870 5088
-2896 8003
-267 -5958
5858 -5687
9986 8743
-7434 6199
-7340 7379
7690 -718
-9325 -3424
-7374 -9883
-9944 -9657
3434 3308
3751 4782
-218 954
-5082 3448
-933 7287
2898 6255
-5287 -8246
-3534 5622
-6788 -8293
-4539 -3857
-2775 -9577
5839 7
4267 4115
7305 456
-7715 -2087
-6201 4426
-8314 -664
9298 4084
-2367 -2143
1044 157
7137 -6675
5616 -7976
9299 477
680 2754
855 5535
997 -2551
6442 -6229
-2934 -9289
1252 -7491
4682 3498
-7710 9400
-7861 2677
197 -7582
-3154 1764
-6667 1598
-4134 6593
2850 -3043
-6821 2808
-6464 -7501
7024 -653
-2446 6846
8084 -9982
-4292 1410
-5452 9219
-4431 3202
1293 5196
-9790 -1538
-8321 7687
9660 5754
-7833 -3093
4611 5986
7968 -5054
9726 -4131
282 5150
-4830 -3139
9279 8023
-7556 -5757
5127 -9065
7153 8083
634 4555
1193 -8190
-9027 2089
-3300 -6338
9174 1851
9028 -8067
7639 5600
-6546 5414
1240 -2936
7439 -3584
-4260 2949
-4829 -1567
2248 8134
5580 -4408
6795 1749
-3926 -1357
-8166 4362
3974 5298
-9046 7086
5017 5819
3513 5016
-5324 -9055
-6138 4467
-9959 798
9950 3095
836 9674
3483 -1625
-5551 -6438
696 -637
-283 -6247
712 -8975
-1643 -5886
21 5339
-1741 9
-9193 2314
5033 -2452
912 -1893
-5785 -4790
-2033 5296
578 -486
-7411 -6715
-8886 -9541
-347 8125
-220 -6096
9052 -24
2682 3067
8161 -5177
-1896 5248
3328 -770
-5774 -5829
7 -9798
-8348 5915
-2309 -6436
-4229 2334
-7625 7599
-4154 665
3417 -9704
5541 -6937
-902 -811
-9141 620
-2921 8439
-9035 -5983
9452 -7897
5600 3515
1476 5319
7664 1919
5899 -5687
9222 5470
7234 8651
-737 5284
6294 6839
1915 -3518
-979 6831
-9609 -4775
5720 7065
5808 -5517
7404 886
4407 67
-8324 -2353
3064 3873
4099 -1992
-3799 -7486
-8564 -3661
8892 4316
8520 8661
6543 -6338
6322 2986
-2634 -3723
6277 -9755
-3690 -649
8597 -6140
2252 -3687
7841 -4971
101 -4907
8719 -9074
2519 1194
-3201 -1428
3232 -3648
-741 5128
-8543 3968
-7767 -9884
-4004 -9429
105 285
-6315 78
-6298 2961
-2785 639
4445 3461
784 9164
6609 2382
-5540 -4948
8455 5463
1787 -9533
-2372 -4866
6707 1920
7619 3451
-8768 -3985
9302 6075
-2283 -7474
8048 4539
5857 -5407
789 -5395
3960 3961
6374 -3514
2381 -5272
3068 3234
-7054 -7534
918 3830
-7658 3915
6430 3100
-9793 8331
-3620 -8165
-3399 -2835
1055 9887
8357 333
-7872 -7743
311 7328
46 -9899
-673 985
-9972 -2213
3241 2436
-9712 7943
7501 -891
2999 8829
-6170 4615
9736 2634
9517 5527
4845 -9588
5571 -6319
-2019 -4116
-1008 -816
-377 4769
-3721 -9898
-9342 3115
7902 1552
8585 -2658
2963 1157
1463 138
-6133 -120
4158 -5751
-6812 1803
3750 -1510
-9023 -5023
1816 -2126
1302 7125
9314 1360
-5896 -7825
265 5989
-6364 5280
-6696 -7399
-1081 3853
-4081 -4152
-4782 -5827
7081 1728
-9799 4085
543 7309
4783 906
9623 7218
4470 6546
-2374 367
236 -651
2948 -9656
-516 5008
5234 2863
2342 -5073
-6012 -82
5171 7226
-2481 -8334
-6133 -3543
-9110 9602
1039 6245
2705 305
-5873 5609
4487 8021
7317 -8517
-5710 4192
-2001 -8346
1340 -5847
-6426 -7797
-3227 -2530
-9084 -2210
-243 8496
5169 5155
-8225 3751
-4936 9267
5966 -8671
-8561 -3597
-1257 4959
4272 2731
-3582 5880
-6035 -9189
-4236 -5041
-4281 9183
8697 -4097
-1953 7169
8401 681
9062 247
-4712 -8341
-9802 -4134
-6117 2563
4918 -6825
5324 -5304
-9109 4164
-7476 -4878
9702 -3336
-6625 -8716
-2614 -7426
9861 -6900
-8344 1037
-5760 -2702
-6450 4614
-22 -1109
-9442 9706
6800 5904
7576 -4321
-2072 7937
3616 3005
406 1006
5785 4421
-7192 -6282
3140 -4744
4635 -4962
-5948 -3180
4284 -8290
-8638 6013
-5223 7071
7465 -1165
4813 -1500
-8915 -2833
129 -8393
-2644 -7065
-6865 -279
-885 3835
2899 4987
-5780 -9478
-8399 7751
-5709 3287
-2202 -560
9818 7020
396 8369
-5123 -8978
-8837 4520
-8165 8775
-798 9585
2963 -1524
-4981 7433
-8399 -7750
5830 -6063
-4043 -5122
-4086 9718
-5909 -7276
3412 3321
8175 -6127
687 -1943
6321 9308
-7674 3657
-51 -5355
-9593 -9731
-2881 -2721
-8104 -4236
-7000 -8340
-4911 -7507
8372 816
-1898 1937
8116 -7903
6221 -5104
-5640 5306
4546 7384
7202 -6441
-290 7136
-5636 -4487
7220 5164
9705 3039
-7778 5171
-3116 -6301
-2944 -5787
-3232 9496
381 6814
5806 -2592
2553 -6337
-2489 -4545
-5559 9985
-4870 756
-5823 -6976
-7011 -6274
5430 -1439
-8499 8753
-2603 -9666
5683 2976
-9104 4147
-6082 -4144
8850 -2737
1614 3327
291 -3550
-1084 9956
9054 -7545
4660 5671
-1610 1065
-9446 6564
2650 8418
-3145 2622
5522 -3485
2216 8346
2192 -4344
4936 3334
-5148 -4053
-8989 -6928
1380 1104
-8081 848
-8262 -6990
5139 2860
-6734 8535
-8366 6849
-9063 -4368
-7597 8444
3818 5010
-958 2443
7933 3312
1895 -8421
-8613 -1067
-6540 -3695
8384 3987
-3084 9995
-1048 -3446
9459 -9286
7978 -5874
5108 -3819
-4015 7065
-5688 -4230
209 -5010
-73 -4154
9249 2100
8659 7552
-2868 7771
-702 566
-6825 6245
3781 2438
450 7915
-1967 -4275
-1354 1120
549 9330
2945 1095
-2308 -1734
-888 -1416
1669 2643
-3961 3277
-8302 -3469
-3570 9489
-4750 -8124
-5730 5974
-2841 89
-9064 -3372
6814 5485
6748 -565
-1122 6071
3895 -9144
-4321 -6043
1812 7762
-5036 -2977
7201 -7681
447 9948
7361 3383
5013 3538
6482 8078
-5634 6157
-4502 2292
7190 -8580
3296 3217
2738 6388
-8471 -1663
-6512 -1769
-5666 3224
7704 -5548
-6958 -7066
-1357 2980
-478 -9461
9653 2736
9 -3144
-6156 5991
-9164 -380
6858 -9215
-3943 3294
-1452 -2313
7399 -2084
-9310 -7420
4321 2311
-6931 6843
7561 7242
9189 -1191
3012 2097
2487 3892
2696 1365
3919 1281
4712 6225
-1735 6931
515 9479
842 -6663
2929 -5540
552 -3269
-8392 2336
2171 -2441
388 -7372
-9465 1077
8930 4767
-3474 1902
6968 -6978
1823 5325
-9425 2547
-9610 -1766
-9817 -5445
-25 -7374
-221 -366
-9203 -3792
2568 691
6312 7158
-9668 6440
7066 -4582
2850 3229
2300 9986
-2440 3292
6289 -2735
-7316 -7202
-4785 1890
720 9328
4158 6148
461 -9339
-47 -4480
-4894 -1994
6426 -2164
-2696 -3211
-18 -4444
-9233 -3750
-325 -3085
-3085 9487
4945 547
8496 -4851
5059 9291
-5182 3993
9390 -6989
8667 1592
7447 -2813
-4891 -826
-5905 8883
-418 34
6977 -4686
1696 -2412
-7739 1488
5899 6539
2652 -9576
829 -9775
-7813 612
1400 3727
-9164 -3292
6092 -4656
1426 -247
3683 7811
1572 -280
3210 -7896
-1044 -4859
-8175 5666
6163 -6281
9185 -2797
-5349 -3110
6512 5370
5978 -2773
-5428 -1204
-3910 8384
6427 917
6707 2791
1583 -6074
-2984 -2326
-7081 6481
1425 8378
-1065 3825
-3185 -8237
-9718 7031
-9281 -3100
8060 3420
9966 4173
-9119 5620
4816 -7908
8998 582
3777 5360
-2324 -6068
-6591 3912
2161 8998
-8975 -8755
5807 -3640
8817 749
775 -9801
3924 -1666
8656 2810
7906 -6059
1689 -9879
1764 -8050
1784 -3848
-4122 -2875
-495 -6482
-4131 8640
5774 -9694
-1367 -4427
-3478 1942
6867 9357
2612 -8235
6188 -3378
-3215 -9824
5379 -1664
3239 -5388
-2121 -667
-5008 3876
-7967 4981
-5071 2842
1074 -7219
-1009 -3575
7172 -1642
555 -4311
1387 1870
-9730 7367
7524 8119
-1772 6726
9004 -9614
-1233 -8232
8044 6239
-2388 5057
3007 8814
4014 6257
-8200 -5787
-5841 -402
-3088 -3064
-6607 6375
-7281 -6615
-6817 1623
2097 3419
-1456 -8149
-8566 -3424
-9550 -38
5039 -2738
-4685 3282
5318 -8854
1401 -9105
7311 3113
4215 3771
-6587 9100
4220 84
-959 -4486
-8293 371
-1459 4371
8889 4727
4609 8783
-2746 -2564
6625 2503
-3113 6736
-4774 4650
-5706 -6719
-4249 -8155
5709 4624
9281 2307
8474 1679
3232 3262
8694 8119
-741 -3009
1867 3880
9611 -4572
4691 3184
-3786 -4078
6108 4173
-8513 -9121
-4781 -9428
1388 -6706
-4290 -6511
-7037 -2562
-3385 -1603
7444 -1494
4618 -2960
-4189 -7984
4258 4553
-3573 -2936
-2259 6795
2774 5533
-1440 -7471
270 3607
-3398 2425
7246 -6949
5230 3741
-5864 50
157 -2652
-3732 -7024
-7570 4720
-8296 5863
-2065 7750
-7064 -542
-1785 -4011
-8749 -6123
-9785 -1919
-521 -6
6648 6666
9752 -6445
3275 9773
-7341 5361
8749 7002
8974 789
8336 -5137
6953 -8231
-6323 1789
7168 -1108
8989 1634
-6932 4877
-5886 -1647
-6842 -4580
-4513 4989
7265 -4423
-4155 5810
6537 -8485
-9760 -4491
6532 997
3084 1410
6239 5449
-759 2119
1327 7686
-8055 2398
-706 9492
-9409 511
3443 -3611
-4529 6540
-7070 6769
118 1046
-2160 4970
-5381 3870
4250 2036
-1520 -7875
3796 -5236
-8699 -4396
-4591 -1467
1686 -2453
5177 -510
-3373 -9237
7425 -5054
-7079 6851
3588 -1838
464 -9802
485 -4533
5499 -2930
-6950 9153
-5462 4303
-1189 -9322
-6987 792
-6181 -4441
-3555 6372
4049 -9086
2804 -8632
-6937 3258
1776 4613
6507 -8697
6528 7536
8175 460
8821 -9837
6999 -796
9427 6548
-173 2568
1285 3019
4769 2419
-5611 4906
6592 -2621
-3934 -3293
-25 2608
-19 -2288
-4861 -3995
1429 9539
240 -6709
-7095 -874
-6948 -4960
-3334 -6052
3030 -5234
-3125 -1124
1536 7
-3765 8101
4754 5307
-46 -5435
-3844 6446
-2586 -5297
9004 5545
-4716 -1033
-2397 -3476
4741 5427
-3751 -4222
4336 -3201
-2709 -9396
-1022 7171
5980 -3798
-3928 749
4828 -5416
927 -4557
387 -5267
-7334 8613
-2661 -3042
-7678 -3476
372 -4847
666 -6063
8243 -2249
-635 9837
9664 -4116
-3296 3113
-3513 9334
9912 -1516
2130 -7734
-5554 3220
-2286 3546
6281 -1995
8913 7745
9310 -3667
4397 1609
-1071 -3627
4381 -3045
9203 3770
6551 -9938
-5743 -9461
9109 -1196
7609 3904
1648 5655
-8877 -5843
9838 9015
4239 6785
-4783 4575
9346 -2399
4360 6871
3094 -848
2937 1206
-5677 -4241
-2001 -8962
-5463 -4082
8375 5272
6872 -9861
9237 -3769
5583 -8748
3237 64
-6802 -3169
-965 2651
-4109 -4742
9545 3432
-2521 -9847
8268 3847
-7515 -9848
-4835 9574
8930 -863
8137 8132
5396 -5543
4421 2614
2903 -7331
1761 -6670
-8894 -1590
9223 -5607
-1599 -6488
8881 -2874
-4557 1027
6049 -1898
-8380 7935
1964 -5061
-438 7598
1504 -3698
-3251 714
1526 -5027
5592 -5970
-477 6878
-6991 -4398
244 7414
1873 6503
7310 3957
3240 8506
1907 -6880
1598 5624
3160 9928
-6893 1817
204 8683
8275 -5991
-8260 2392
-2818 -2471
5883 -2795
-775 9674
7613 -8829
1204 2677
-1925 -3379
4089 -6796
-753 1520
-556 6579
6607 -6074
-4246 -2640
-7233 -1277
-257 5242
8568 -9084
-4485 -8668
7984 -3799
-9653 63
-1975 8596
-7614 -9990
-9654 4435
4508 -3783
5983 9863
-6757 -1801
2709 696
1803 8620
4099 3697
1710 -3046
4474 395
9816 9165
7729 -1610
-412 -7832
-5794 -8420
2694 -8877
5462 -4516
-8713 -1446
2576 -4993
-5094 -5950
-4673 -715
-2954 -1040
-7804 9144
-6898 5570
8110 6264
8691 1430
546 1372
-9254 8636
2785 -1048
6441 -283
-9336 9971
3736 -4246
2986 -1388
6291 -189
-6452 8045
-1368 -545
8684 1686
6553 -109
-1352 4715
-4434 -5557
9323 320
-7466 9196
-1593 9778
-4816 2746
8940 -2722
-743 -2415
5647 1108
3490 -8944
1669 -3515
-7226 -1054
5545 -9141
9695 -397
1467 -1118
-4744 9249
-2296 -3776
4522 -1184
4563 8181
5530 8210
-7427 4249
-6705 5051
-8009 4305
-9225 9982
-9821 -2026
6911 -9909
8801 -933
8750 4356
4276 3562
5949 9716
7948 -2063
4020 -5960
9320 7292
-6384 -7320
-2355 -4496
-4075 -3042
3054 1518
-2730 759
5549 2937
-1354 7984
-4728 7073
-1015 -581
-6202 -7106
8024 -4592
6075 -9047
8723 -8274
2825 -7347
-442 -6482
-8214 6480
-1556 2644
-6743 3530
3398 1163
-8999 -4831
7702 -1263
-781 -5821
-3999 8586
6808 -7001
3741 -7930
2513 -5858
8205 8821
-871 -1234
6090 -9252
-7321 -8816
846 -282
7114 -5577
919 9865
-2105 -6493
-4732 -2995
-426 1021
-3869 -6361
9971 -1114
4374 3340
-1248 -1600
-5423 -296
52 -3263
-2483 3527
-3682 4635
-611 -2158
3121 4237
6677 7448
5940 2069
2322 6363
6773 5437
4758 -5967
7355 6629
9451 13
7054 4188
9323 -6044
-6965 4057
-289 -871
-8139 -3587
-6006 -8551
-1931 -4044
2435 7257
8428 9546
-2292 2638
6469 -6636
-2075 1623
-5164 -8802
3703 -6935
-3675 9981
5389 -9665
-2758 -9861
9433 2618
247 2191
-627 7014
5513 -8990
-2797 -2719
9138 -7302
2782 -9104
8948 -5084
5882 782
-1958 952
-8561 -590
-1058 6068
-5455 1901
-6359 -9676
7362 5878
-2037 8721
6331 -800
3713 3207
9172 4351
2356 6807
1134 -1832
416 -5082
5325 4171
-8025 -4129
1615 2955
5528 -9583
-2132 1863
7108 6596
3132 8112
-8623 3350
9373 8887
-7125 -6833
-8050 -3223
8925 7997
-1567 -9736
-3817 -7378
6759 6703
-8557 1170
2003 -6550
-7602 -4683
-1242 -8691
-7787 -655
-7452 8895
-1907 324
39 1171
-3142 -5754
7859 2900
2137 -2587
-7617 5703
5546 -5870
-9793 -3874
3637 7850
-1485 7179
-3248 -4897
-6964 -4108
8983 1010
-3784 3375
731 -1051
-6304 -219
6117 -1428
-1404 2166
426 -5232
-4640 1925
-575 3248
-9890 -8635
-1003 -6665
2211 2490
-7847 -5293
5363 6251
-2188 -258
-4198 -3587
-1800 4223
428 2250
-9598 6886
-4041 -6988
-9218 -6390
-2695 -6043
6521 -7537
8122 8102
3484 2078
-7454 -8306
-1586 9798
8791 2471
3762 7256
9580 -6921
-8348 -2301
747 -4002
9758 1316
924 -4840
-9803 -8453
718 1096
6072 2090
3042 1438
9214 3738
8425 1183
-4610 -905
-751 -4557
9181 -8721
7658 5302
7659 -4209
2077 -1077
-4694 -2457
5216 -7164
8096 -5573
-2765 -7264
6052 -5534
-4698 3449
1938 2718
8891 7399
-2122 3499
7910 6051
9094 6817
-6262 5919
2899 4279
3715 703
-719 -6195
1463 7969
8924 -9556
-4497 -2490
1764 1131
-1806 6056
-2479 -9548
2661 -3788
-3140 8347
4975 -4117
-8892 963
-1501 1540
-2812 -1808
-6024 -2629
-1465 80
7749 -8131
8576 8879
-2523 -7231
7778 7409
9038 -4598
816 -5685
5150 -406
8467 -6567
523 -2792
2244 -6645
5427 -1215
3703 1887
5099 2720
6695 -9642
-7249 -617
-5743 -9210
7012 -349
8819 2396
-6783 4915
8837 2450
9576 6070
7143 -1949
3018 -340
9143 152
-9154 -527
-5208 -7402
-6523 -4042
-608 -6307
-7885 8712
3230 8809
-597 6212
-7006 8788
1511 -2617
-5020 -3320
-4022 74
-7768 8274
5041 -3419
-5126 7527
-7984 -8101
-8259 -9480
9885 7020
-7619 -4184
-2910 7651
-7965 -855
-639 3266
-2050 7387
-4093 -436
6633 1849
1860 -6733
5264 -7738
6336 7427
-5411 6144
-6231 64
-3361 7231
-8836 856
-7944 -1632
-5932 -4351
8263 3894
8048 7498
-9896 8016
1051 5229
5293 9978
6864 -1065
3664 -4941
-2181 4685
-8700 -4250
-5603 7254
7983 -4522
5024 7615
-9758 1313
7590 -2861
-6173 -6411
-2176 -5680
-4094 -3336
7179 -6822
5034 231
-7670 332
2166 -2455
-8836 4340
7713 -2455
3288 -2722
2728 7
8203 -896
9955 7340
3074 5163
-1500 -4419
-6918 1124
7458 -5609
-2241 1380
-2911 -1072
-4198 647
8341 5504
-7875 -6835
-1961 2787
9479 -6640
6160 8043
5900 -6130
-7565 6985
-4117 -2868
-8213 3780
7439 -221
-2076 262
112 -1797
2005 -6684
8487 -306
8030 -9417
8721 5678
-3750 -6979
-6296 -2265
6104 -2859
2631 17
-5158 -5125
-1082 5010
1917 3768
-2984 70
2433 -108
9400 8880
-158 -8946
-4432 7558
4494 2143
3878 -5439
-2062 3024
1925 -5329
8620 9873
2051 -6488
-6740 4883
3024 358
-3638 8116
-7785 8790
-9383 -2350
-477 -7869
-5429 2240
9124 -2593
-3670 -5555
-261 2666
-7569 -711
1601 -4471
3558 -9009
-2218 1151
-9742 6336
-2040 -9316
8800 -4254
3284 4383
6205 263
-5236 -1316
-63 821
4602 -7821
6276 -8377
1066 -1305
-8035 -5833
-6572 -6295
-1949 7387
5824 -9790
1611 -2399
-5265 6565
9590 -8311
-4169 3147
9054 -5012
1895 -8206
-6077 8113
466 -9078
-4508 -3650
7247 7048
2351 -1480
-81 2511
-8701 -1473
-5987 -2810
4321 9955
474 -8203
4492 8246
-1269 -3735
593 -2059
-4103 -4001
-1712 -7288
4367 -1803
6936 -9649
6772 509
-8587 -6583
-8751 4105
-9711 -7213
6773 -8491
-1900 5503
-6556 -3648
-3578 7491
7849 9661
5423 -6128
-8265 5446
-3110 -9351
589 -9532
-8572 2358
-8145 9669
3167 -1935
7364 1964
-6471 -4464
4830 5354
29 -8178
4907 8609
4309 -5613
5526 1135
-1221 9499
3867 -1768
-4271 -5220
-3081 -771
-8839 -4113
5783 1124
2776 5817
-3276 5495
-5926 18
1260 9253
-6471 1201
5825 -3572
1083 -5089
-7092 -1733
5420 -3245
7699 -2819
-5354 4466
-34 -7735
5414 9922
7910 5369
2963 -1452
-6226 1336
9001 9160
1573 4915
5586 -4112
7969 -3129
6197 2953
-9331 1165
8394 9459
-6219 5074
-540 7177
7126 -7677
8311 -8632
3024 -2626
-2836 6788
-775 2687
-3396 2666
-3689 -8905
1641 890
-5833 3866
5300 9693
2649 -3477
-2618 -28
-9356 5473
8414 7271
5290 286
-8876 -4986
7155 -5218
8875 4
3560 5454
8135 -3858
2837 -5509
1939 2732
8139 3441
6514 8991
-9368 -3026
-3037 7559
8996 5533
-484 1766
-9686 -7264
1931 3964
2463 -9895
7523 5630
8711 5247
4124 5185
-2363 -2842
2610 1149
-9263 2058
-3440 -948
7876 -7909
-7019 9334
-5538 2926
6162 7480
9942 -8417
6238 -7795
-7088 -4271
7465 -383
7320 8346
3534 6974
549 -9948
4105 9028
-8537 -452
-2897 -7031
1395 -3302
1539 2163
-1928 1266
-7905 -7572
4885 -9739
-1358 -1170
2593 101
-7307 3397
-9724 905
-2029 766
5906 8196
-1204 -2775
-2571 1735
120 23
1384 -6198
-3694 2757
8505 6435
-2166 -3535
-7847 6859
5777 4482
-7152 -6277
7127 -6722
-3688 2447
-1174 9924
1056 8926
2387 4719
-2130 -2149
-1717 5108
188 5397
-7446 5343
9772 -402
-4054 8135
-3516 358
-2204 -1545
-8525 -2568
-1202 7315
-3793 4802
2271 2499
-6919 5542
-9852 -5819
-6423 -1530
-2441 -8321
4492 3334
-7432 -9497
333 8089
-8394 -4289
6932 5568
-4689 3246
-2146 -5681
2412 -5146
6365 8521
3289 -3573
3447 3090
-2278 -4930
-7260 5669
-4845 3046
6894 8289
-8530 -9525
-6027 -9467
-6474 5019
-9409 2827
6223 -7949
-20 7821
-1932 -8920
-3633 -4362
-6184 -1370
4355 -4546
9183 6547
6329 6303
-3992 -5934
-5774 -4053
-7458 -1907
-3595 5708
-1270 -2396
1612 -6025
248 5103
-7357 1504
9652 5278
-5812 3351
-6229 5164
1434 6227
-310 -4045
5972 3591
-7507 -2941
-2836 -2035
-7193 -259
-8223 9212
-5005 2801
8918 1712
1002 -7152
-8960 1611
2590 73
2956 1638
5994 223
-8803 -1701
3359 2896
2244 -9340
-4328 -502
7030 8518
-5087 -1086
5986 4647
6955 8383
-5087 -7174
509 -9370
3611 4943
-9835 -8804
3595 8197
-9003 305
2643 -6184
2075 1187
1699 -3447
384 7545
7803 -1728
9397 -2529
-4616 3117
-8566 1607
-228 9820
9357 9322
-4056 -8320
-6148 7027
1194 948
3708 2328
-8519 -7234
-1643 -3532
-6621 -6506
-2955 -131
-8906 -3340
-2234 -8810
-7542 7629
6146 1253
-3651 1648
6133 570
-76 4768
-3570 -1358
812 -67
-9741 -8882
-7960 -8114
-3875 -7135
-2277 4327
-708 1246
-2600 3043
496 3990
7479 4243
-1312 -2721
4360 4845
2758 -2635
-8932 -338
-397 -8088
-7035 2003
-1991 -6777
2045 -2007
9635 -9468
9144 -858
-8005 -9359
358 -4330
-6517 4709
-9471 4408
-4485 -9849
-5335 -4977
-8406 512
-5304 3439
4862 3399
1784 9244
5664 6317
-7359 8641
-6795 1037
7774 -5060
7224 -817
9854 5039
-5024 326
-678 -2824
3626 3861
-2850 6634
5731 8279
-1021 -6943
-9471 594
-9175 4537
1624 -1101
-4370 -3897
-6682 -4285
-8095 4875
2839 6380
2505 1860
9296 -8948
1155 -2223
-8028 5065
-1915 -6959
-8172 3350
-212 -4902
-3231 -7043
3717 3911
-5978 5009
5361 -4160
7855 -5131
8710 4810
1232 3809
6988 -305
-7393 -651
-5542 9931
-6235 -9446
2688 7046
397 3851
1190 -3249
-3275 7548
-7919 -7558
-3980 5617
-2495 -6549
2715 -6852
-2890 83
-3536 -4174
-9649 -1917
502 2610
-3512 -3751
-7078 7326
-4253 5664
-6794 -700
-5344 8256
-7389 -8977
-8511 -7676
-3983 9220
8482 -7158
6455 -865
-2523 4011
-5858 4366
-1156 3069
-4133 4064
8543 4310
-5842 -3873
-3927 9372
-1237 5127
8371 -9652
-7681 -5124
-3177 -312
-1765 60
1411 2462
-2684 -6321
-9748 3326
-400 -5040
-4998 -9232
-3841 -425
-7058 4207
8426 -3713
2969 -3064
1868 8597
-9559 -7573
3964 -8080
4164 -2173
6832 7885
784 -7120
-5417 6874
-7338 7242
-3462 7706
5142 5002
-3628 8568
-9552 9829
-4259 360
6614 -182
-7085 2795
-482 -7531
-5907 9627
-7062 -9559
-6357 -5925
6865 -3196
-2343 957
9476 3551
2759 -4654
-7851 680
9345 -103
-1108 -6277
-7846 5105
2838 1047
-2954 -3711
9250 -5462
2053 1388
5125 9645
3737 3623
-3956 9340
746 9627
-6806 4370
2404 -6456
5291 1402
-1978 -7453
2513 5048
5802 4474
-3593 -3526
-8015 7035
9339 5269
-9973 -1882
-8572 4505
262 8915
-2674 -7678
2113 -6704
9975 9612
3001 6758
-2973 637
2329 -1045
-9683 -5811
-1832 -8192
9299 6412
4404 3192
1631 2288
-8213 6783
-959 3648
2060 -5995
-6995 -4919
9520 4350
-6323 3424
-223 -8393
-455 1195
-4747 -1373
-8314 6648
6941 6988
-119 -4604
5932 1785
-7074 1038
-1866 6028
1268 3005
8871 2454
-5525 -7469
662 9809
3857 510
2115 -485
-189 3201
-4941 8694
-4766 -7837
1148 -7269
-1996 -4368
9014 7450
-8205 -8807
-64 2282
8055 -7059
-3255 -4582
-3523 3589
3752 1067
-160 -7640
-7641 -1777
7945 8064
7990 1206
1867 -5160
6309 2138
6404 -8430
-5192 -6211
-5863 9849
3398 8280
7928 -134
-4808 -9266
-6028 4795
6536 -8161
2645 634
-179 5772
-5798 -3169
2921 -8835
-7244 4268
-4368 917
3511 2657
8659 -7057
-3576 -8443
-972 -1485
9854 -589
-2521 2249
-7986 713
8759 -232
9032 -6241
7171 3642
-5900 -2268
-3919 -7695
8066 -914
-4788 4032
2350 3133
-3176 -2115
-5675 118
1489 6171
-5394 9093
4688 -3510
-5047 2440
3353 9514
1270 227
-5305 -3436
8254 834
-41 -6833
4323 -2222
-3908 -7574
3002 9930
7649 -231
-6968 -6999
-4521 6454
-8108 -846
-3665 1205
-6787 -9631
-7156 -3578
-7728 -3391
6905 4274
-3121 1945
2117 -4122
1154 915
7040 805
-824 3807
-6995 7885
-8615 7484
-5442 4198
-5539 7322
-4280 3391
-188 7712
7153 -672
-1236 2853
-262 4320
8982 -6542
-7872 -741
3919 6023
-1211 -4760
6189 -9426
-1807 -5141
-5208 3438
-1364 -9406
-702 4869
2230 -4881
2396 6442
-1269 -1305
-8930 -6038
-5308 -2279
-5183 -2960
6167 5268
6496 -6194
-1582 2502
6667 4953
4489 5617
-6291 -3720
-6785 1343
-3661 -7928
7041 3861
-7726 -509
-3749 -9229
3304 2858
-1817 -5003
80 -2422
4015 6477
9309 6106
5954 -4707
1909 7760
-818 -7481
-6725 -1375
-4088 -1613
-1751 -1500
2403 -4161
-9021 -4463
-8990 -825
-8832 -8063
-5524 4989
4958 6096
2447 9753
8778 -3866
228 -5992
-2742 -1412
-40 -519
-597 -6500
9319 -4854
7069 -3377
9406 773
4837 -7969
-5101 8045
-9767 -2539
-7466 1887
-997 9093
-1945 -6973
-2848 2412
7646 -7145
1039 2496
-9459 840
-3538 -4904
1404 -3113
7185 295
-5663 2920
-304 -2677
-9315 -8643
-7569 -7148
-4756 8221
-6451 604
9640 -3479
4588 5048
1 -8616
387 -9120
-4379 -7586
-7986 164
-9420 -5412
2751 -5160
-5350 6333
3450 5768
-9326 5378
2175 4050
5770 -8069
-4075 -5512
4245 1102
-604 -2527
8290 -1585
-4186 -2415
-1875 -207
-6462 -9084
-5762 7608
5370 -7568
-8299 -4296
-9334 -5988
-7946 -5879
-8642 1746
-4591 -1019
6549 1693
-758 1426
-2876 4124
-5648 3273
-4155 817
-3846 -4185
-8423 -630
3773 -9965
-7448 4189
-1119 -6779
-7581 7218
-4512 7641
5399 4180
-6116 -1075
-4279 7152
8661 -8753
948 9894
-6174 3442
1628 9841
2646 -883
0 0
