5 7 8 3
3 5 7 1
6 2 9 -1
1003 5 1007 1
1004 4 1006 2
-92020 -78394 -91413 -78679
-91937 -78507 -91539 -78792
-96691 -75455 -95709 -75830
5204 -21257 5690 -22007
-63402 17965 -62508 17128
33721 -30940 34093 -31881
28901 72874 29749 72140
-19347 77063 -18437 76267
-57781 44308 -56810 43912
-4870 -96419 -4294 -96925
-88964 -16921 -88469 -17071
-26895 81417 -26433 80491
-15714 85929 -15075 85253
9268 -65065 9993 -65661
70317 -19715 71280 -20289
-54513 -20687 -53793 -20933
-41459 31594 -40963 30665
75021 -74368 75524 -74999
1773 35064 2729 34504
51370 60826 51784 60342
-88931 8189 -88193 7281
70999 -59419 71631 -60195
73201 78027 73608 77520
42620 -87964 43616 -88951
-20948 53485 -20450 52859
-71624 17689 -70859 16989
-21218 53416 -20882 52674
85190 -14944 85930 -15427
-79380 69165 -78479 68759
-96670 12924 -96134 12401
10373 -79127 10766 -79479
2157 35073 2565 35043
-34262 -12509 -33631 -12577
-31086 33847 -30566 33643
-55779 69965 -54912 69661
-40988 85811 -40444 85397
36745 12071 37408 11071
91013 759 91285 -233
12395 80206 13225 79238
-42479 -58304 -42169 -58417
55262 -84877 55275 -85423
-72143 -16199 -71306 -16657
-14486 69690 -13558 69330
-48207 -81023 -47602 -82010
76087 91520 77039 91203
-27689 42451 -27487 42333
-92063 26263 -91543 25529
77430 3426 77854 2500
26092 92201 26881 91547
94671 95535 95451 94650
98887 -14361 99542 -14908
33782 -31341 34752 -31637
72951 78875 73333 77909
72786 79488 73545 78649
76532 15095 77530 14951
-30712 33657 -30562 32804
-88935 23011 -87971 22655
15006 3050 15529 2872
-42584 -58345 -42305 -58881
26275 92908 26559 92074
-19015 76740 -18361 76382
-45936 -60449 -45342 -61185
75707 91707 76467 91487
-94896 62906 -94457 62328
-46333 62762 -45648 61789
-11377 73626 -10390 72803
-92944 26283 -91969 25581
60755 -59795 60917 -60777
29825 90442 30026 89820
7255 -20944 8148 -21374
-44951 78930 -44475 78575
90754 -21466 91611 -21474
-88789 55380 -87875 54833
-45739 -42227 -44842 -43147
-71546 17250 -70645 16543
42311 21964 42844 21301
-88664 22911 -88171 22142
-62464 90452 -62024 89961
-46107 -42367 -45704 -42741
-71908 74286 -71251 73352
-55955 79483 -55109 78983
-74775 58502 -73864 58097
83114 -26197 83740 -27129
-823 -12262 145 -13231
-62136 -5222 -61142 -6219
70339 43455 71255 42680
-37290 8887 -36924 8869
40291 30370 41228 29889
-4693 91056 -3707 90377
-91845 31356 -91456 30952
-65929 33793 -65308 33162
-14860 70467 -14058 70313
-89295 -16842 -88425 -17347
-71408 74325 -70805 73506
19243 77763 20040 76940
61837 -13500 62177 -14447
63122 50191 63296 50072
-22234 39657 -21432 39196
82204 -95942 82892 -96599
-75745 -2160 -75011 -2837
-88820 8157 -88038 8060
77696 33531 78131 33213
13526 45842 14190 44988
50980 19845 51167 19702
41641 21493 42581 20497
37297 12226 37708 11354
-28591 43211 -27678 42305
-45378 78948 -44502 78305
-71627 54565 -71505 54078
70225 43971 70556 43080
60815 -59156 61449 -60130
75316 29863 76116 29501
91110 -21031 92104 -21788
-40730 85406 -40272 84925
-62575 91237 -62064 90357
-95759 -74911 -94846 -75907
-35258 56963 -34617 56089
50620 -59689 51356 -60630
-89974 -17240 -89271 -17822
-58745 -36683 -57949 -37530
47677 -17596 48651 -17716
21037 34222 21514 33885
-45868 63028 -45012 62342
-53051 8626 -52851 7942
77697 3074 77970 2350
-82140 -56628 -81785 -57197
-28853 -43267 -28807 -43389
12840 45963 13679 45484
76292 15304 77249 15014
43195 -87875 44038 -88750
-73126 50224 -72878 49834
-28944 -43289 -28127 -43491
27005 -47648 27250 -47986
-59206 -19182 -58360 -19847
50828 19801 51261 19081
63311 -88239 63893 -89147
55259 -85216 55409 -85842
71610 -59741 71749 -59873
-53972 -39094 -53627 -39683
63404 -88904 63427 -89714
82611 -96488 82848 -96675
-14166 69330 -13244 69001
25584 15538 26138 14862
20949 74471 21666 73756
-54593 62067 -54307 61421
3319 48662 3796 48065
-53938 -38737 -53820 -39394
41492 -84295 42330 -84823
-69394 -54769 -68858 -55326
21264 34138 21680 33334
-73138 -22968 -72320 -23920
92220 -83672 92998 -83732
77881 65110 78559 64579
9363 -65044 9823 -65709
-75168 58337 -74512 57909
-62922 17829 -62240 16836
-42190 13466 -41745 12487
-15716 85359 -15554 85204
-58710 -36368 -57890 -37063
74511 -73929 75495 -74660
-52495 -94629 -52139 -95435
45332 -98512 46291 -99140
25661 15489 26053 15408
61176 -18559 61939 -19118
60709 73199 61032 72963
-15546 70482 -14576 70019
90724 146 91510 125
-18802 -2161 -18129 -2835
77885 65372 78510 64653
36955 87997 37317 87570
-47497 15555 -46558 15021
-62218 -6193 -61651 -6861
-27685 -61603 -26744 -61924
69893 -20268 70794 -21092
-1882 -10711 -1169 -10832
-67386 46674 -66413 46328
63282 50550 63782 49851
36927 87712 37291 86978
-72456 -22647 -72398 -23623
-79454 69299 -79285 68529
-46655 15475 -46027 15426
45782 4250 46392 4199
29510 72656 29827 72481
20768 74533 21547 74162
-83290 40894 -82996 40290
-55208 69821 -54331 69706
36885 87259 37022 87247
-80342 -51002 -80005 -51354
-69078 -55006 -68483 -55698
-88196 55470 -88066 54714
45662 4357 46131 3911
-37104 8947 -36565 8695
31252 60393 32010 59911
77668 33667 78526 32807
-55178 79148 -54523 78841
41053 30262 41270 29700
13384 -57977 14004 -58750
-91561 31912 -90918 30918
92782 -83236 93055 -84101
-19771 -2203 -18773 -2561
10664 -79262 11266 -79668
51736 60574 51889 60483
70232 43647 70858 43235
-87400 -38386 -86484 -39180
-27627 -61920 -27168 -62351
-71380 -16467 -70755 -17107
85219 -15418 85899 -15862
90125 212 90753 -209
60719 73165 60931 72251
-88002 -19403 -87966 -19832
15366 3301 16278 2312
61552 -13080 62414 -13633
-58521 -19422 -58267 -19945
-52826 -93869 -52346 -94861
13951 -57706 14002 -58214
-67951 46890 -67350 46125
93835 94812 94784 94198
-94670 63238 -93720 62334
-4319 -96348 -3626 -97246
-53031 8425 -52913 7707
-45768 -60608 -45339 -61389
26642 -47800 27235 -48323
19286 78593 19496 77647
67568 62213 68262 61427
-891 -12253 -769 -12383
3272 48254 3591 47934
-83534 40913 -83039 40531
61657 -17832 62163 -18711
-34651 56991 -34503 56066
7968 -21069 8062 -21282
-70031 22810 -69771 22011
-42301 12770 -41725 11897
-21843 40064 -21503 39082
-3927 90426 -3507 90277
42009 -84063 42886 -84857
75589 30234 76013 29830
5312 -21836 6195 -21872
-11147 73836 -10342 73495
67170 61660 67627 61106
-48393 -80850 -47670 -81318
-73238 49847 -72552 49350
12374 80553 12509 80045
31089 60160 31378 59447
-97016 12756 -96515 12437
-26736 81180 -25824 80186
51007 -59877 51868 -60594
48203 -17285 48997 -17826
-71674 54513 -71614 54216
-80363 -50851 -79747 -51337
-10583 73695 -10295 73567
-88047 -18620 -87752 -19585
-3418 -20566 -2431 -21307
-55220 -20247 -54365 -20867
46038 -97952 46467 -98933
-70226 22412 -69679 21852
-25356 -81002 -24975 -81945
-2118 -10326 -1606 -11324
-75494 -2313 -75106 -2849
-54310 62197 -53360 61714
-87261 -38264 -86429 -38953
-28722 82416 -28005 81541
-29285 82472 -28292 82218
29890 89910 30876 89708
15642 2495 16287 2118
-3407 -20496 -2822 -21281
-66211 33457 -65882 32587
-25380 -81593 -24814 -82122
-82153 -56663 -81995 -56940
-58173 44084 -57660 43155
98870 -14228 99443 -15157
-42071 31462 -41126 30629
82638 -25930 83210 -26379
-34401 -12375 -33503 -13064
