6
27588
11780
3325
27684
22124
25376
31745
16977
28800
6285
1367
16024
31768
17897
27303
10516
27373
11210
29437
26782
120
30644
28540
18599
21166
8534
6715
20854
7870
25720
10329
11176
22363
6508
7857
336
13640
16136
18186
26437
3975
31247
7739
24904
17665
30811
12247
1185
27312
32166
18392
21153
30529
1320
22895
13600
21155
22592
27690
29503
14569
28745
18621
32614
17066
24632
6813
19135
362
31829
21381
222
7611
2730
343
963
7444
7599
2947
26125
29184
24429
6524
22156
12817
14714
11037
14925
6736
8986
9240
11402
6783
10946
18127
18916
21375
17331
15400
3846
2745
4004
4873
14064
26717
28003
17550
3490
13542
27761
7949
14770
26017
12341
4835
32695
19038
5128
21582
20210
3471
24207
6541
6
24
60
120
8428
27593
25233
8729
10044
24589
7032
8979
14682
30382
6619
6306
21721
9495
1320
1716
4080
6443
5949
23539
20110
1212
31801
12171
20890
4653
356
32700
9499
13446
1296
31148
5881
27800
7642
2695
