3540
1 8 4 6
5 7 8 3
3 5 7 1
-1 5 1 2
6 2 9 -1
1003 5 1007 1
1004 4 1006 2
-92020 -78394 -91413 -78679
-91937 -78507 -91539 -78792
63981 -26624 64062 -26653
91527 81643 91795 80762
-29233 97181 -28871 96575
-13803 97449 -13104 96778
-35637 -20718 -35181 -21548
-96691 -75455 -95709 -75830
21180 -6613 21866 -6746
42398 -93691 42814 -94582
52373 -64107 52685 -64268
-36535 -68725 -36465 -69467
-72170 -21834 -71736 -22266
-97978 -16881 -97043 -17714
-85108 69784 -84913 68950
5204 -21257 5690 -22007
28978 -57809 29074 -58160
-69717 -96300 -69579 -96373
49515 1761 50469 1119
-35691 -22994 -35525 -23644
12912 -78754 13038 -78859
-49196 57222 -48491 56717
87588 -74647 88162 -75311
88335 28314 88405 27878
-86476 57260 -86317 56293
-89693 -49203 -89436 -49776
2549 34405 3034 34183
10903 -16826 11244 -17815
65527 2328 66494 1940
-63402 17965 -62508 17128
50391 79941 51086 79729
38065 -66159 38470 -66248
82952 95476 83572 95052
-22880 -54481 -22614 -55312
42985 -20812 43509 -21740
82535 8492 82554 8446
84860 -86647 85248 -86866
64440 -39918 64650 -40447
33721 -30940 34093 -31881
62375 60385 62991 60016
-2157 -71936 -1568 -72118
-7006 -12044 -6524 -12817
-62218 10575 -61897 10158
36764 -25697 37450 -25719
43639 -83576 44250 -83885
28901 72874 29749 72140
-33714 29078 -33371 28886
46258 10497 46354 10188
67888 67899 68259 67518
-75430 -54045 -75164 -54101
74817 -34264 74831 -34605
-42760 -92678 -42446 -93481
-67039 27466 -66279 27242
-39212 -36969 -38616 -37620
23042 12222 23249 11601
4415 -62463 4695 -62574
4452 11997 4820 11481
23393 39172 24051 38710
48521 -84546 49270 -84608
71951 63776 72025 62999
-42640 40453 -41889 39541
-7051 -47854 -6428 -48697
-19347 77063 -18437 76267
77034 -61302 77465 -61968
-72923 -52503 -72688 -52655
44142 84725 44612 84659
-23689 -7875 -23260 -8825
81558 53639 81833 53485
-19039 73331 -18840 72728
73660 -89344 73674 -90052
-85699 -36483 -84861 -36503
480 -71130 810 -71790
74807 61645 75281 61212
-57781 44308 -56810 43912
-50965 85064 -50484 84897
-30299 -8755 -30181 -9109
79452 96894 80273 96202
21483 -28407 21675 -28894
-55239 -89885 -55077 -90774
-22898 74625 -22701 74584
10581 -43338 10765 -43507
18727 61391 19612 60898
68165 -52594 68438 -53266
-96633 61525 -96128 61472
-78674 7177 -78316 6228
3839 -82268 4541 -82495
83070 67015 83657 66826
-55560 25066 -55266 24978
-20120 19652 -19889 18914
-16732 14324 -16271 13906
-24956 -20376 -24913 -20656
78961 977 79842 771
-28768 -7881 -28479 -8522
63274 72503 64058 72119
-25020 97710 -24640 96933
22344 -29095 23194 -29267
93780 -68194 94661 -69140
-83322 -96776 -83215 -96864
-93457 -22773 -92521 -22929
5254 52016 5385 51668
8874 -61444 9864 -61639
82920 -77576 83282 -78351
29363 65909 30219 65832
38756 1046 38763 524
-88769 -88011 -88238 -88558
-15146 -41725 -14752 -41737
4300 -88726 4345 -89159
-37786 80506 -37721 80424
-34084 72595 -33477 72045
-92404 -34561 -92103 -35016
43105 -39563 43953 -39907
-20209 -41348 -20057 -41585
59669 58137 60372 57779
93294 9100 93809 8492
97090 -67370 97978 -68152
77666 -34407 78042 -34559
32740 -60288 33246 -61035
-4870 -96419 -4294 -96925
-36111 71634 -35403 70816
-29173 85870 -28259 85293
-67789 -74052 -67263 -74902
-91096 -67054 -91051 -67860
-5864 -26757 -5293 -27307
51063 78827 51701 78126
-63144 -5173 -62709 -5663
31934 34473 32183 33997
73867 -73964 74123 -74409
88570 42882 88692 42250
-41919 80811 -40979 80350
-32842 -48805 -32766 -49076
60891 69934 61583 69837
32373 -31467 33173 -32123
35990 -69195 36069 -69880
59289 -78457 59849 -78879
83223 -12600 83578 -13482
31134 75690 31736 75635
26707 81362 26895 80979
-46321 -32477 -45829 -32859
25352 -19300 26338 -20159
-49494 -64146 -48735 -64625
-95978 -57303 -95438 -57989
-42181 -36246 -41279 -36447
-21503 -27203 -20731 -27711
-30182 -33398 -29224 -34341
-13859 -74785 -12873 -74858
65552 70048 66522 69498
-88964 -16921 -88469 -17071
-60450 14800 -59512 14076
72337 -2902 72756 -2950
-91666 3212 -90980 2958
29415 56808 30392 56335
69508 85270 70326 84641
83204 7848 83912 7132
-96665 75555 -95673 75273
-27676 18391 -27198 17795
-4338 95056 -3455 94631
83234 -62429 84044 -62443
-69848 84908 -69103 84111
-28546 -16652 -28244 -17252
-86308 259 -86026 -227
-82943 87461 -82700 86726
87942 -2032 88812 -2654
31310 -46683 31674 -47676
-70650 -74787 -70339 -75533
-26895 81417 -26433 80491
307 32893 1131 31908
-15714 85929 -15075 85253
-8244 30906 -7891 30289
-11490 44978 -11145 44018
-55270 94389 -54872 94123
-86657 -73497 -86400 -73778
-36621 29007 -36590 28278
32760 -71514 32998 -72008
-42615 -89359 -42369 -89636
-85067 -12189 -84084 -12527
-54808 12519 -54512 11616
-39436 -44902 -38554 -45048
53896 -38204 54742 -39028
9268 -65065 9993 -65661
-74911 22131 -74591 21819
53776 92689 53944 92540
97574 -68612 98216 -69516
70317 -19715 71280 -20289
55586 -14682 55864 -15406
44081 -63488 44994 -64214
16104 -79783 16481 -80007
-54513 -20687 -53793 -20933
81453 19082 82086 18184
-17245 -41193 -16339 -41803
-31826 75198 -31791 74508
16035 -21895 16809 -22442
11795 -38372 12531 -38550
-65153 90378 -64160 90354
48160 49054 48331 48115
26889 82854 27788 82283
35599 -59017 35657 -59273
61194 12994 61910 12632
59367 -38489 59668 -38972
78415 -63866 79076 -64505
-67014 69844 -66529 69007
-23253 61934 -22765 61921
21636 87290 22212 86874
95630 -59131 95868 -59918
-56770 50991 -56023 50273
31967 56501 32283 56498
16464 -96572 16710 -96684
93451 -72071 94098 -72611
78772 39996 79143 39718
97245 32398 97287 31482
-41453 32932 -41080 32401
35888 -77414 36661 -78121
16819 81764 17663 81492
72045 61261 72292 60856
-12136 69966 -12090 69103
77618 47706 78544 47503
73499 90898 74083 90772
-41459 31594 -40963 30665
81204 2908 82203 2450
8567 63795 9209 62875
75021 -74368 75524 -74999
-37018 62205 -36541 61573
47911 -34129 48834 -35059
16624 -15937 17223 -16811
-39866 40489 -39103 40005
-21723 -53664 -21049 -53793
73835 -94469 73992 -95225
90705 93253 90771 92804
-96247 6153 -95636 5616
70318 -38103 70848 -38981
48599 13719 48744 13442
37533 -33104 38518 -33478
6414 -59147 6617 -59743
1773 35064 2729 34504
-58899 63429 -58475 62905
-10943 44394 -10893 43707
63822 49926 63844 49741
78800 82890 78815 82575
-10051 38240 -9720 37914
51370 60826 51784 60342
-33571 -46490 -32925 -46643
4598 -60809 4861 -61786
-16286 63831 -16155 63454
-88931 8189 -88193 7281
-18431 -90938 -17536 -91863
2837 48730 2916 47753
-76685 7964 -76057 7169
-30025 -79056 -29586 -79924
-8679 72609 -8453 72595
86135 66984 86757 66326
-75582 -12634 -74605 -12935
-67591 -36049 -67531 -37018
3574 -64162 3584 -64941
36816 -81502 37793 -82172
74932 6134 75033 5274
15731 64346 16150 64221
73518 2881 74319 2181
42056 -18783 43027 -19510
92034 42923 92468 42285
41620 -15902 42423 -16698
-82011 -25958 -81272 -26921
1112 -61740 1551 -62726
44564 39899 45042 39795
56733 -58801 57576 -59319
-1037 22599 -713 22066
86973 -32920 87697 -33463
-40241 16962 -40217 16428
55416 -44627 55695 -45412
28920 42762 29572 41816
70999 -59419 71631 -60195
87543 66613 87667 65862
19106 -36698 19167 -37564
-29521 89899 -28899 89578
-50739 -81563 -50727 -81572
2283 69992 2808 69235
77688 -26518 78196 -27010
78263 55714 78880 55272
-41326 8748 -41035 8504
26954 31529 27869 31365
45477 88548 46191 87739
64600 -36689 64623 -36775
-3005 12736 -2010 12530
-38334 -1990 -37608 -2414
-8517 -89477 -8266 -89944
91057 -37550 91067 -38436
10408 31015 11195 30747
54989 -62845 55263 -63374
-41882 4370 -41786 3663
49729 69478 50722 68666
22392 -95716 22689 -96416
73201 78027 73608 77520
26195 28017 26430 27845
-8669 14375 -7853 13867
48282 81056 48659 80905
-47447 -63785 -46773 -64192
50419 64538 51034 64500
-67229 -18213 -66349 -18578
-70255 96794 -69261 96084
-5917 93610 -5506 92953
-11737 -11475 -11242 -12429
47109 31352 47335 30444
35957 -62769 35987 -63453
29620 -64898 30459 -64981
12969 1588 13546 1092
27425 16386 27850 15404
56566 -1201 56734 -1263
71478 37140 71903 36205
86631 -14944 87294 -15906
-43596 -50174 -43441 -50911
-76045 9965 -75820 9091
86603 95665 87258 95037
-4500 -74097 -3841 -75077
-89700 55087 -89149 54594
42620 -87964 43616 -88951
62679 -26058 63090 -26344
16335 42793 16407 42589
11600 7649 11876 6960
-91768 -32713 -91305 -33412
-20948 53485 -20450 52859
6889 -52634 7098 -52706
54989 37779 55982 36947
42779 -12960 42860 -13317
-64951 -10272 -64877 -10434
1368 80724 2173 80251
-47756 -10520 -47206 -11421
-95015 -6177 -94828 -6242
31693 36631 31734 35729
-92764 -8771 -92031 -9286
42981 41208 43007 41195
-9191 -70279 -8615 -70541
-69771 -77435 -68988 -77863
-44369 -73664 -43927 -74080
64954 -98943 65548 -98965
-11923 8812 -11868 8659
-86220 14164 -85717 14049
55183 30453 55652 29721
-8925 -83334 -7957 -84298
-78030 -87772 -77918 -87992
-71624 17689 -70859 16989
59711 56670 59960 55795
-15301 21776 -14372 20933
75423 -82991 76020 -83726
5237 32226 5254 31336
-17360 36927 -16805 36066
79480 67167 79731 67099
-41479 -25337 -41409 -25422
-41755 -76071 -41345 -76895
-70968 75784 -70407 75040
58716 51040 59259 50590
98048 -88844 99042 -89682
6274 14717 6867 14498
-33226 -5121 -32819 -5360
52711 -89437 53376 -89440
65049 -75003 65949 -75479
-48543 31150 -48195 30510
76961 51863 77385 51250
-63146 11698 -62195 11011
-27914 -56948 -27356 -57342
-59039 11904 -58795 11398
28368 75664 29154 74879
-30454 -60291 -29982 -60904
94686 10430 94982 10313
46913 -86087 47083 -86129
-74594 -96573 -74448 -97186
-38015 9672 -37898 9570
-21218 53416 -20882 52674
-31869 -60169 -30906 -61022
85190 -14944 85930 -15427
-92658 65962 -91709 65468
-79380 69165 -78479 68759
-46874 -15288 -46151 -16030
-88504 -24958 -88196 -25306
68522 47628 69009 47275
68902 -51650 69205 -51840
38197 -54575 39053 -55475
-35679 26149 -34781 25367
-33904 24340 -33260 24099
93359 -19099 94309 -19223
-98516 70367 -98324 70108
-62232 85734 -62017 85444
-338 -92177 -6 -92315
-29179 34132 -28839 33265
19531 78715 19765 78619
29076 89333 29589 88414
-20393 3798 -19456 3028
45827 -68714 46537 -69709
-96670 12924 -96134 12401
1801 87648 2168 86693
-30202 -54404 -29619 -55006
97843 -35515 97912 -35554
-41650 61288 -40896 60290
10373 -79127 10766 -79479
-67311 95495 -66689 95083
-94514 -38988 -93947 -39416
2777 31982 3039 31220
-930 1539 -425 1025
-41204 74205 -40516 73953
2157 35073 2565 35043
80129 -77950 80233 -78846
-67450 33033 -67348 32934
50154 11901 50274 11767
16526 -75350 17104 -76151
75917 -52264 75957 -53160
-16300 -17987 -15571 -18079
86332 75931 86533 75900
-34262 -12509 -33631 -12577
-45040 -25454 -44397 -26358
-31707 -19399 -31575 -19713
-57683 976 -56821 125
-21104 -73739 -20777 -74395
-78776 12586 -78069 12162
-51889 82560 -51451 82510
-19252 97810 -19157 97728
13926 48544 14910 48191
-83632 -26709 -83190 -27027
-31196 90950 -30397 90806
-20480 18002 -20394 17214
-9021 -56356 -8479 -56817
-31086 33847 -30566 33643
9904 -13866 10404 -14383
84226 19452 84983 19173
-64405 59213 -64105 59017
-89150 -8810 -88201 -9565
-89161 24156 -89019 24063
10066 -16793 10210 -17115
84653 26817 84859 26341
-55779 69965 -54912 69661
45052 35288 45651 35024
-95970 56066 -95602 55213
-87792 -87806 -86973 -88064
-12351 76455 -11976 75869
91830 7912 92420 7167
-40988 85811 -40444 85397
44181 3602 45167 2970
-89447 21373 -89027 20672
19063 41363 19786 40732
-12083 68433 -12022 67657
37353 3699 38256 2858
60509 -71207 60967 -71244
36745 12071 37408 11071
-91267 78970 -90975 78191
-22640 -71904 -21686 -72021
15196 -83929 15296 -83963
-71763 -84750 -71241 -84810
-72717 -65732 -72160 -66271
66134 15813 66216 14963
67408 -10959 67736 -11484
-9884 7071 -9064 6101
21330 -48279 22295 -48350
-64363 58935 -63700 58182
-98820 -19000 -97942 -19453
-16128 -47959 -15394 -48249
1998 -6249 2725 -6769
26906 -15637 26950 -16491
40412 -21456 41030 -21998
-90479 51021 -89704 50747
36635 10661 37307 9865
-50346 -57991 -50191 -58564
-9671 2152 -9016 1190
32779 89007 33597 88326
70514 13086 70815 12276
-45427 39434 -44558 39130
33560 -86574 33621 -87173
-2611 -88230 -2208 -88367
81700 -62649 81872 -63600
34971 11919 35488 11864
91013 759 91285 -233
37965 -94320 38781 -94515
70839 -63477 71458 -63800
-68757 66522 -68313 66268
-12227 -61693 -12051 -61950
2882 -21378 3314 -22011
48485 22189 48942 21209
13749 -20823 14250 -21807
12395 80206 13225 79238
-61342 -33258 -61185 -33846
64500 64291 64809 63600
-51542 70813 -50612 70575
19594 73875 19734 73445
-64660 -92738 -64431 -93027
185 -24553 531 -25439
-56913 -80999 -56222 -81229
-42479 -58304 -42169 -58417
5096 -59439 6051 -59741
55262 -84877 55275 -85423
-42540 -18549 -42408 -18933
-95030 -25250 -94691 -25562
20776 19107 21310 18206
36622 54778 37060 54496
-95640 54932 -95461 54674
-55317 9397 -54526 8897
-72458 -76004 -72092 -76284
-72143 -16199 -71306 -16657
-32541 -581 -32228 -1449
-8399 -49349 -7821 -49373
-19297 -22151 -18457 -22428
24612 -37975 25478 -38142
-89585 20524 -89132 20064
-10123 25705 -9326 25133
-61036 94854 -60983 94323
-11896 52674 -11053 52248
79802 98393 80167 97872
61969 -75630 62075 -75839
-14486 69690 -13558 69330
-31414 -42780 -31253 -43159
80878 81972 81737 81822
55180 -32553 56128 -33490
97512 -96022 98079 -96299
40595 41525 41574 40846
-47068 82170 -46975 82133
30123 36097 30542 35944
27787 47226 28413 46774
73816 18694 73953 18479
-51092 -92770 -50257 -93605
-19558 42661 -19512 42657
42784 -22012 43294 -22311
-18967 59446 -18091 59074
-48207 -81023 -47602 -82010
45960 19849 46572 19477
-21535 36858 -21094 36147
8312 -43166 9121 -43225
38907 -15678 39713 -16426
38488 32475 38593 32142
67934 -56860 68788 -57480
-5696 -73913 -4809 -74841
-62996 63686 -62486 63654
-72353 -25040 -71822 -25181
65831 39060 66309 38959
-78962 -75702 -78757 -76451
-55806 11597 -55596 11447
80012 -84520 80642 -84936
1310 69921 2246 69552
38184 9211 38931 8674
10398 -43804 10701 -43808
-38748 73711 -38407 73240
-9582 -7183 -9081 -7544
76087 91520 77039 91203
-76932 -15975 -76927 -16491
-49041 -71658 -48527 -71680
95279 -33252 95477 -34083
17396 -90171 18192 -91151
97937 -23976 98262 -24642
-97727 -27719 -97661 -27886
-35622 70547 -34787 70420
-49417 -76037 -48858 -76332
69473 91902 70052 90913
-97834 91332 -96863 90822
-85268 -49939 -84903 -50934
-49277 69206 -48771 68744
-60074 11459 -59096 10622
45249 4155 45267 3532
34470 -61707 35088 -62413
-65424 38666 -65291 38140
-85567 -30298 -85096 -31002
84169 -71078 84615 -71569
-91017 12489 -90267 11713
54833 60603 55590 59802
-982 -33466 -849 -33940
-97944 76598 -97868 76063
17570 85097 18068 84718
-45653 -64391 -44832 -64849
-38473 94808 -38041 94172
-77414 82701 -76833 81975
-62897 -96326 -62142 -96601
62980 21171 63756 20487
-64753 3088 -63919 2341
18735 -1588 19113 -1682
10984 -39954 11835 -40790
-91900 -38156 -91123 -38577
-86196 -37111 -86029 -37505
-32856 25210 -32154 24642
-9477 73536 -8625 73533
-95043 38309 -94367 38078
65997 -43490 66908 -44107
88828 66209 88832 65244
48495 93287 48684 92494
-51216 -73509 -50308 -74318
68455 62828 68727 62701
-96855 79195 -96692 78770
-29626 96163 -28716 95426
61978 32864 62927 32269
-79647 -55826 -78701 -56628
-35534 86861 -35262 86796
41068 53956 42059 53435
87734 -23404 88650 -23943
27332 59638 27862 59618
805 44190 1061 43973
-27689 42451 -27487 42333
-73239 13490 -72459 13376
61051 45348 61996 45256
88015 -64383 88660 -64858
71180 7961 71361 7676
-95216 -4229 -94617 -4370
94288 -16432 94581 -16872
3299 -61078 3738 -61459
12419 19148 12601 19070
85663 59042 85757 59000
78521 -97313 79466 -97918
72651 -68319 72900 -69283
12290 -583 13141 -1208
-18369 -33875 -17398 -34794
26826 -61753 26928 -62282
-92063 26263 -91543 25529
-38760 57857 -38739 57227
-53970 64062 -53788 63196
70761 14008 71480 13757
57625 60305 57950 59625
-27423 -82568 -26602 -83542
18610 26068 19452 25838
-68117 59552 -67612 59487
-69087 -44998 -68206 -45493
64867 3459 64923 2626
79705 -58233 79914 -58704
-73568 -20905 -72882 -21747
-58062 -59276 -57268 -59728
43982 8148 44510 7657
-93320 -63117 -93174 -64003
-96543 -95386 -95860 -95552
-24896 21598 -24164 21123
-10467 -32248 -9542 -32606
-66782 -70207 -66643 -71064
94532 4024 94589 3055
20035 -92975 20233 -93793
32767 79246 32892 78298
38812 14507 39573 13916
95084 24677 95495 23731
78281 -32777 79117 -33488
89547 14309 89629 14066
77430 3426 77854 2500
28922 -69578 29636 -69968
-18771 -90780 -18642 -91205
-16826 89047 -16809 88587
-32354 30631 -31888 30342
50470 73956 50673 73060
-20733 74555 -20197 74128
-87195 -22105 -86423 -22984
49384 68602 49460 68054
26092 92201 26881 91547
-86751 23787 -86159 23451
-72559 -47007 -71952 -47459
70679 -33507 71455 -33538
86144 86574 86417 85866
-88972 -28666 -88612 -29037
21419 -51710 21459 -51725
25547 -43388 26334 -43741
8587 67312 8736 67116
-87611 6799 -86744 6213
15045 48895 15401 48868
58862 -68342 59461 -68666
96151 13925 96559 12927
24166 -43198 24201 -43310
-17768 16700 -17010 16036
-12393 85116 -11835 84751
91028 -65949 91957 -66323
-44613 -21575 -44129 -21992
-33323 961 -33259 954
94671 95535 95451 94650
89586 -43685 89983 -44669
98887 -14361 99542 -14908
76797 -17131 77282 -17589
48494 -91970 48675 -92299
-6614 -67801 -5645 -68057
-78720 -19443 -78325 -20362
33782 -31341 34752 -31637
-94019 -34322 -93050 -35231
-17387 -86828 -17309 -87223
18809 87106 19164 86826
69867 20970 70735 20519
52431 44235 52640 43651
-88103 -91862 -88044 -92044
-5746 -15117 -5073 -15679
60072 53228 60913 52825
72951 78875 73333 77909
-98620 42284 -97834 41668
27248 -98093 28081 -98716
17727 13358 17928 12890
80275 52763 80335 51789
87788 55055 88461 54822
96935 -84423 97022 -85385
-55622 5504 -54916 5133
52362 -24462 52475 -24929
-94826 -14620 -94447 -14780
-94969 10134 -94118 10125
-25451 50261 -24752 49567
-11477 -1666 -11416 -1711
28554 -93420 28975 -94128
34620 -76584 34830 -77326
-46012 -20072 -45502 -20238
-18828 -96195 -18259 -96291
12432 -63745 13012 -64182
-38757 -27581 -38237 -27596
72285 95513 72970 94976
-55314 -35429 -55305 -35683
-42885 75086 -42811 75069
-38400 -53005 -38327 -53911
-36259 9924 -35831 9536
1891 -52959 2869 -53775
-48177 42958 -47383 42912
72786 79488 73545 78649
-912 26643 -92 26295
76532 15095 77530 14951
63290 -80750 64018 -81252
-30712 33657 -30562 32804
94528 -93169 95332 -93905
29122 -94599 30018 -94714
47675 -13148 48052 -13222
-63656 -44418 -63560 -45262
29004 -98057 29936 -98708
-88935 23011 -87971 22655
-79501 95199 -79016 94427
-38077 -82409 -37970 -83292
-95217 -79890 -94241 -80167
15006 3050 15529 2872
-7274 71820 -6450 71287
39574 112 39863 -370
-1199 -38860 -407 -39576
50083 -93060 50943 -93915
829 20064 1419 19372
83238 82132 83254 82082
-42584 -58345 -42305 -58881
52734 -44810 53214 -45792
75687 -48976 75713 -49973
75860 47772 76685 47423
-68511 -19569 -67974 -19706
59 -19390 947 -20083
57800 18255 58428 17553
59672 30629 59849 29802
17468 44339 18467 44214
96098 7830 96854 7494
-81148 -5007 -80947 -5590
61528 77242 62475 76487
-96720 55394 -96062 55273
97767 -86616 98590 -87458
-65716 11049 -65121 10537
-20250 25456 -20119 24793
58826 -70806 58902 -71445
-32706 -74823 -32208 -75542
19008 -60946 19168 -61595
43054 -95446 43161 -96023
-62425 -27457 -61721 -28405
-32860 -26914 -32672 -27038
-5950 -1113 -5085 -2067
-48191 11567 -48111 11162
-66944 -88341 -66839 -88805
-6219 -38239 -5826 -38617
27571 -20549 28085 -21402
71614 -96264 71658 -96933
4566 36396 5009 36149
-47443 54613 -47408 53844
15564 -84123 16312 -84434
26275 92908 26559 92074
-81393 30495 -80692 29680
61796 -72059 61865 -72731
68716 26277 69533 25308
10947 -19537 11100 -19670
59273 16878 59336 16359
-19015 76740 -18361 76382
-52837 53197 -52609 52605
-66119 5857 -65309 5581
73685 -43309 74099 -43751
-68087 -49 -67209 -120
49398 54929 49912 54734
1888 67444 2605 66450
-80444 29685 -79739 28712
-49205 50389 -48894 50357
-45936 -60449 -45342 -61185
2299 -16101 2664 -16511
58818 6758 59684 6082
56361 60124 56417 59855
28148 -75689 28581 -75820
-25762 -5128 -25608 -6106
6518 36792 6752 36196
87002 -38096 87706 -38185
75707 91707 76467 91487
-94896 62906 -94457 62328
-9535 50299 -9042 50077
36999 -93481 37772 -94033
89120 -5708 89185 -6548
8096 -39923 8282 -40159
-84548 28759 -83654 27789
29105 -16477 29598 -17430
-37609 72994 -37131 72296
-83383 81302 -82652 80318
73478 27920 73821 27801
-37932 65191 -37009 64401
-58430 -68791 -58421 -69163
-16631 41479 -15872 41063
79154 -20055 79590 -20579
87565 59267 88034 58366
9735 -52479 10667 -53009
7161 83067 8144 82727
59114 -82210 59795 -82688
30536 38636 31404 37969
-82493 -89350 -82180 -89493
-79618 754 -78652 -131
76969 2175 77787 1894
-93256 98620 -92616 97974
92157 -31330 92343 -31787
-48038 77766 -47615 77708
83561 -70021 84524 -70932
-44750 80948 -44611 80296
10904 34535 11531 33790
71116 -16455 71223 -16484
69090 77173 69865 77053
-10400 -90699 -9790 -91241
-60333 38889 -60044 38162
-73458 -33400 -72946 -34358
19043 97159 19755 96431
77972 -56146 78931 -56567
41841 -26909 41961 -27478
-75786 -13169 -75139 -13645
-15611 -9142 -14897 -9550
-80689 21421 -79703 20825
-40876 -46254 -40652 -46527
14065 -52127 14672 -52388
-10061 26651 -9567 26143
-69372 52310 -68694 52115
-58441 29585 -57667 29490
98081 61909 98275 61770
-75511 -84929 -75170 -85274
-46333 62762 -45648 61789
-73613 -14239 -72742 -14854
53119 68384 53207 67432
-11377 73626 -10390 72803
-92944 26283 -91969 25581
96725 28875 97083 27973
-91639 33169 -91020 32249
94465 75114 95102 74417
-70083 -63616 -69602 -64184
-25463 22664 -25198 21866
60755 -59795 60917 -60777
-74578 -91344 -74144 -91913
-94355 -87306 -93875 -87463
80245 -97427 80252 -98297
-20275 -35132 -20246 -35501
13027 -96652 13952 -96715
32840 -74236 33219 -74320
-18626 -60394 -17697 -60575
29825 90442 30026 89820
7255 -20944 8148 -21374
-59720 -51941 -58762 -52370
3268 948 3810 790
-83979 61988 -83783 61200
70806 25980 71175 25532
-48895 -56629 -47928 -57072
48724 -30396 49508 -31314
-56097 -31797 -55460 -32488
85697 5346 85945 4475
22969 -85695 23201 -85781
84595 -16954 85368 -17609
-96501 -12891 -96262 -13224
58280 -28892 59127 -29119
-6162 -63088 -5791 -63636
-91948 -24716 -91527 -25069
-57899 -22137 -57597 -22375
36818 -28036 37325 -28854
-44951 78930 -44475 78575
32515 47383 32676 46772
39534 -76246 40268 -76778
-85072 -76864 -84403 -76921
58938 24360 59372 24181
-69805 86188 -69508 85675
90754 -21466 91611 -21474
-7380 86974 -7244 86719
-88789 55380 -87875 54833
-83194 -77941 -82421 -78659
26669 48284 27309 47835
-69356 -27897 -69332 -28080
60775 58801 61357 58130
84187 88933 84667 87959
70092 1253 70212 978
-62810 -18120 -62640 -18268
-69951 -93326 -69254 -93595
74837 -89712 75130 -90004
-18195 39612 -17880 39106
5708 -38174 6428 -38944
98578 -15462 99257 -16298
81393 -27528 82350 -27934
-53232 -61865 -52713 -62556
-77726 -66076 -77385 -66582
-45297 -3700 -44560 -4553
-63290 24932 -63206 24115
41751 -40822 41810 -40855
34194 -80890 34926 -81606
-13651 48065 -13589 47815
-86212 -80142 -85640 -81021
-98783 50484 -98239 50411
-29096 -31279 -29071 -31968
5373 82048 5501 81297
-23892 -8837 -23229 -9512
-95718 -42982 -95184 -43433
-61006 -34558 -60595 -35169
94897 45159 95235 44531
-71901 15120 -71372 14154
52274 -59669 52421 -60635
-5216 -59245 -4849 -60049
34013 84468 34382 84117
-45739 -42227 -44842 -43147
-8516 75472 -7667 74502
57013 -73508 57622 -73971
-67180 -93917 -66746 -94014
-71546 17250 -70645 16543
-62058 -20340 -61657 -20947
32403 -42599 33403 -42619
-32700 -90457 -32101 -91154
16797 -81316 17335 -82259
-45069 72196 -44947 71791
-49085 12746 -48359 12131
-35637 -61482 -35481 -62078
-16814 71372 -15981 70789
17800 -66759 18672 -67367
-45301 -60257 -45270 -60763
19974 34706 20499 34043
16180 36535 16571 36418
67566 75641 68051 74830
64840 -7612 65692 -7726
59557 -94908 59684 -95057
-24101 86305 -23527 85313
-53295 -78599 -52461 -78732
55482 51392 56239 50495
81572 17230 81594 16629
70787 51586 71598 51527
42311 21964 42844 21301
-33698 -88252 -33472 -89093
63520 90985 63757 90349
-91375 65108 -90685 64235
76856 56049 77558 55499
-88664 22911 -88171 22142
-54143 11602 -53479 10666
97942 28460 98015 28271
-39185 21833 -38542 21312
91742 -6681 92490 -7299
-83300 73457 -82847 73066
82811 9054 83100 8658
-91166 10425 -90321 10123
-14536 -88509 -13637 -89011
-85108 -93524 -84641 -94430
96664 72063 97260 71201
-43298 26385 -43153 25588
-69058 -4994 -68127 -5624
40403 -46799 41001 -47273
-45318 50976 -44591 50908
91236 -14708 92147 -15304
14902 -3488 15831 -3610
-77955 -84224 -77268 -84898
44861 85407 45065 85290
-67309 98115 -66618 97721
84751 -67777 84974 -68317
-3823 -73410 -3789 -74080
65159 45396 65502 44904
-29883 -23543 -29639 -23732
-75509 47899 -75018 47859
-62464 90452 -62024 89961
23475 -25416 24443 -25786
37400 -72603 37972 -73551
-46107 -42367 -45704 -42741
-71908 74286 -71251 73352
63557 45033 64206 44444
-54773 -49458 -53920 -50163
-6493 -86555 -6188 -87528
14741 79720 15159 79074
-51662 78179 -51261 77829
-55955 79483 -55109 78983
11631 211 11829 -411
41295 31686 41951 31644
-81617 -19619 -81112 -20375
50424 90812 51057 89986
-63420 -39952 -62976 -40565
-35885 -70347 -35034 -71165
-87052 -98573 -86061 -99086
68342 97042 69202 96823
87506 -29803 88220 -30748
-54014 -80033 -53571 -80979
6223 -76060 6460 -76915
43796 14155 44031 13898
-69759 -413 -69084 -773
9616 -43677 10025 -44300
62337 -20132 62877 -20270
21945 -12960 22523 -13115
-27118 -46 -26485 -731
26439 77559 26509 77251
-39070 -3805 -38742 -4742
-67045 -73225 -66169 -73794
5841 77689 6576 77079
73130 -15887 73158 -15976
-86065 -21817 -85607 -21975
6373 12200 7310 11892
30811 -44208 31060 -44641
-53244 17369 -52711 17008
41926 59094 42465 58669
7484 33089 8293 32839
76952 -23881 77703 -24846
-5200 -84955 -4230 -85568
92075 1682 92858 769
44212 44820 44776 44570
-35054 41505 -34138 40561
31307 -57918 31760 -58053
-74775 58502 -73864 58097
-19737 -6539 -18858 -7445
-20904 903 -20396 260
-57937 40882 -57850 40490
-52464 -25227 -51931 -26013
-41421 -54322 -41338 -54469
-1572 82232 -1047 82125
-86271 42321 -86176 41735
-68164 -48522 -67578 -49329
58822 78476 59624 77795
-75022 16962 -74066 16356
934 71615 1394 70741
1109 -16999 1746 -17548
20311 -68479 21204 -68990
50964 -73736 51542 -74027
83114 -26197 83740 -27129
-22214 -62812 -22006 -63428
59658 42819 60237 42676
-823 -12262 145 -13231
-25228 78742 -25083 77870
-35168 20412 -34515 19657
59788 29435 60250 28953
-62136 -5222 -61142 -6219
64938 -31301 65093 -31896
61568 11158 62408 10703
1957 26403 2689 25841
86589 -53636 87572 -54400
-94730 -97394 -94169 -97475
-91248 -24904 -90614 -25513
-84627 76669 -83677 76592
70339 43455 71255 42680
59799 85311 60600 84707
-72325 -17969 -72063 -18487
-44386 76517 -44014 76405
-66721 74762 -66604 74384
-52648 36245 -52326 35682
-473 -94863 471 -95213
50338 -61587 50461 -62135
95595 -75213 96573 -75933
93809 54355 94718 53473
-31973 25874 -31430 25244
-52228 -29704 -51857 -30256
70238 24471 71184 24140
-94093 -46672 -93389 -46817
4650 -7852 5293 -8620
-37290 8887 -36924 8869
-18897 13005 -18316 12765
71465 -51305 71804 -51708
4079 92906 4888 92748
62626 65359 62701 64622
39314 93127 40260 92200
34237 95432 35115 94443
-55009 6995 -54790 6234
14342 -69829 14386 -69864
40291 30370 41228 29889
-32057 -49309 -31526 -50245
-78453 -79520 -77570 -79581
55093 39676 55161 39333
-22500 -29232 -21916 -29993
82848 21796 83737 20842
-20288 14574 -20176 14316
-15646 9698 -14850 8745
-18101 60362 -17498 60330
-9929 -83820 -9608 -83914
-73003 82707 -72671 82172
68988 -96648 69868 -97104
-75407 -40481 -75382 -40643
80084 -89928 80509 -90183
-4693 91056 -3707 90377
6656 -77488 6717 -78248
-3429 46593 -2735 45669
-32271 -7736 -31840 -8553
58751 -24943 58953 -25486
7982 -61222 8901 -61301
-62205 -17269 -61501 -18019
-50867 -86976 -50754 -87152
-70805 -68076 -70054 -68689
-8246 58268 -7916 57705
97131 38762 97692 38382
7218 45280 8092 45246
-76230 -28704 -76015 -29629
-33528 -75497 -33234 -75523
-89119 -986 -88441 -1670
-76605 -74528 -75693 -74822
54893 46488 55427 46372
-8163 52495 -8125 52032
63346 60061 63481 59483
-78820 -44368 -78204 -44477
-12528 53791 -12088 53592
41320 75292 42099 75071
97447 -27949 98151 -28558
85084 47521 85745 47518
-80240 5301 -79779 5215
98722 -22146 99347 -22165
3736 12045 4264 11330
-70798 -98193 -69857 -98833
-22337 77970 -21607 77512
98931 -28915 99523 -29652
5919 -34068 6872 -34211
-85768 63616 -85643 62620
-56185 -324 -55693 -461
55170 -17658 55182 -18085
-33246 -82215 -32774 -82647
-83029 75719 -82035 74855
-77534 -44875 -76668 -45501
-33070 -1877 -32380 -2182
26281 53224 26591 52941
22362 1606 22515 1577
92831 -70605 93009 -71432
95722 28539 96006 28361
-47141 -12254 -46684 -12766
-75639 -78191 -74841 -79186
-9551 -20361 -9403 -20977
83426 56054 84393 55605
-70417 -43108 -69539 -44033
-25331 -70661 -24425 -71185
-50257 81667 -50099 81270
-40121 2476 -39754 2336
-86340 -4569 -86230 -5130
74754 14702 75477 13816
96918 -14190 97594 -14609
-33548 -27499 -33365 -28362
98676 -76014 99497 -76368
-22438 372 -21537 180
57530 17490 57666 17169
-85635 -63329 -84970 -63944
24570 -14637 25537 -15249
-89486 37452 -88609 36636
98905 66113 99485 65574
74628 29377 75329 28765
11147 94975 11857 94796
86477 8769 87422 7840
66449 24071 66789 23443
-91845 31356 -91456 30952
4568 37332 4958 36518
67302 -34839 68261 -35162
61931 -46629 62634 -46632
63725 88639 64686 88284
36999 18235 37958 17636
-70709 -37631 -70189 -38540
52649 836 53339 104
89161 55363 89889 55013
98367 48793 98601 47871
2941 46046 3074 45048
-53941 60255 -53623 60148
85201 -67176 86071 -67993
-2632 -31545 -2010 -32160
-66482 3237 -65717 3051
-65929 33793 -65308 33162
88619 77629 89617 77018
-2318 -88647 -1375 -88762
-79300 -14939 -78578 -15229
-13602 -41120 -13439 -41442
-29953 203 -29475 -53
-14860 70467 -14058 70313
31012 53460 31146 53164
64473 72935 64836 72780
27716 -54433 28001 -54743
-89295 -16842 -88425 -17347
-9711 -50409 -9151 -50886
-71408 74325 -70805 73506
13564 -23533 13581 -23807
81374 22502 81646 21924
19243 77763 20040 76940
-12799 36168 -12083 36082
48348 25605 48669 25571
-81489 -13971 -80989 -14149
62124 28298 62161 27469
-33579 -74725 -32967 -74801
7789 -560 8571 -1263
-39737 48127 -38825 47595
-47934 -62197 -47168 -63055
24188 -64529 24695 -65156
43663 -70072 44543 -70521
-10388 32761 -10021 31830
-58392 -2720 -58336 -3014
61837 -13500 62177 -14447
-31985 -45206 -31973 -45306
27195 69015 27373 68479
33492 91911 33679 91404
-50105 77694 -49111 77472
65122 -79368 65856 -79875
-49803 -4818 -48923 -5758
-74732 25817 -74333 25138
57318 -51456 58008 -52415
92288 17606 92527 17202
93125 90604 93126 89628
26342 -24280 26516 -24870
-44089 50742 -43907 49867
51826 -93845 52434 -94286
20114 -77922 20736 -78201
88357 40365 88781 39934
42489 -44219 43158 -44662
-45565 38861 -45344 38076
79123 65788 79767 64924
36588 -23231 37588 -24053
78723 4422 79072 4038
-40340 74055 -40190 73402
84926 -70993 85909 -71339
-56431 -29743 -56098 -30155
83575 -90877 83888 -90986
92468 -49114 93078 -49454
63122 50191 63296 50072
-71349 83174 -71204 82755
-22234 39657 -21432 39196
-71635 38351 -71014 37377
51052 -58830 51960 -58915
6954 45677 7080 44970
82103 54305 82540 53674
48409 -2291 49019 -2675
54611 13312 55518 12940
10248 -41112 10908 -41223
82204 -95942 82892 -96599
-64522 -185 -63805 -1015
22793 -3250 23222 -3759
-36317 -35085 -36005 -35512
-46212 80668 -45961 80228
-38740 -66968 -37971 -67030
58961 -40025 59059 -40143
58056 58803 58508 58589
-75745 -2160 -75011 -2837
69040 -29357 69148 -29714
-86074 36525 -85886 36232
81709 -35891 82013 -36062
20535 95657 20676 95368
-51151 91555 -50799 90929
5844 -82309 5967 -83187
-98942 -79422 -98329 -79622
-63866 -85987 -63089 -86709
-67128 84245 -66871 83461
71365 -58690 71936 -58939
-51144 55854 -51006 55142
-59874 32611 -59316 32546
-89832 98464 -89603 98446
13802 -41603 14317 -42377
-8819 41601 -8351 41450
-83694 -24166 -82763 -24374
-88820 8157 -88038 8060
83927 -24467 84767 -25204
77696 33531 78131 33213
73721 85825 74661 85008
84334 46821 85138 46747
-46603 64517 -46394 64414
65938 -83269 66767 -83706
13526 45842 14190 44988
43236 -92459 43275 -92618
74595 -4588 75135 -5293
-40695 -43336 -39838 -44173
-88266 60829 -87812 60572
36708 -91160 37525 -91643
62999 -35913 63057 -36278
26027 -21941 26713 -22512
19454 -22586 19675 -22631
-72255 -2782 -72084 -3679
80249 33641 80528 33339
-51139 -91518 -50795 -91684
-30944 -67651 -30646 -67838
-13914 -42344 -13119 -43337
50980 19845 51167 19702
7459 -9823 7664 -10591
-30984 13113 -29993 12761
49151 -2385 49369 -3240
-79241 87692 -78983 87099
31946 93697 32787 92916
-17201 74653 -16220 74318
-53088 15189 -52108 14555
-93583 18322 -92951 17641
34479 -26206 35359 -27168
64265 -16441 64553 -16530
68379 41927 68462 40981
3270 78488 4261 78341
-34734 51291 -33796 50802
7362 95725 7800 94879
41641 21493 42581 20497
42425 94022 42893 93940
-2284 -14909 -1655 -15120
-15571 -55223 -15507 -56163
24034 -66544 24255 -66769
55164 -86252 55916 -86995
80817 -82528 81075 -83104
-22849 -34226 -22713 -34822
-74341 72054 -73377 71740
42703 -28470 42863 -28634
-29214 -85241 -28641 -86141
14096 -44916 15000 -45454
61428 -38612 61694 -39359
-37643 97131 -36755 96628
74702 73334 74797 72943
-92288 -18519 -91656 -18842
74483 42572 74548 42033
-95490 36285 -95144 35631
-32123 95422 -31859 94999
91307 -96362 91577 -97335
-31858 -31145 -31056 -31933
90152 73990 90659 73543
96335 77535 96815 76581
23253 63787 23323 63656
-8849 59203 -8309 58426
-52860 76064 -51930 75150
32776 -55749 33248 -56220
86980 6679 87066 6460
37297 12226 37708 11354
-6667 -3481 -6115 -4273
-28591 43211 -27678 42305
-41249 -90277 -40571 -90978
-49558 48124 -48952 47500
49050 46253 49314 46188
47647 -63642 47747 -64106
-27834 57641 -27181 57611
21131 64144 21955 63230
48247 95962 49096 95262
12493 -43960 12852 -44877
8608 -58355 8985 -58630
-57760 39729 -57020 39593
54064 2495 54430 1554
-87784 86833 -87444 86254
57284 -67690 57333 -68351
61129 -19312 61148 -19801
-45378 78948 -44502 78305
71094 91390 71104 90591
1498 -1385 2204 -1690
25017 -43775 25239 -44138
9453 15001 10125 14277
11778 -57828 12505 -58018
67764 -73757 68216 -74528
-98069 3842 -98002 3046
57471 78367 57522 77946
-35039 -68749 -34165 -69409
-71627 54565 -71505 54078
-11756 63477 -11368 62828
2337 41311 2975 40900
70225 43971 70556 43080
60978 -12868 61213 -13625
62436 7794 63224 7549
21380 -86577 21755 -86922
-69741 -49808 -69311 -50147
-22765 95781 -22127 95225
35903 -3864 36618 -4009
18257 -27399 18945 -27876
70203 -82671 70612 -83468
-46145 6084 -45421 5696
-55190 64735 -54990 63901
-89110 7735 -88945 7593
64021 75221 64376 74382
8774 17272 8888 17240
78339 -19829 79028 -19989
-56203 -39930 -55334 -40078
82922 92166 83315 91660
-22358 -44652 -22158 -45439
-62681 -19684 -62071 -19941
-45328 -28853 -44873 -29241
33937 -78853 34384 -79150
73966 -15790 74810 -16681
59537 33588 60054 33434
2799 -10657 3514 -10906
-30640 -41464 -30457 -42060
-81681 -813 -80894 -1077
31277 -61674 31529 -62112
64091 55514 65053 55286
-57963 -22510 -57778 -23441
-36335 -306 -36054 -613
74120 -14388 74191 -14599
5735 95069 6242 94501
26598 -19537 27415 -19950
-9005 -61623 -8432 -62432
55182 33021 55390 32224
-62557 -31243 -62159 -31976
-89649 68190 -88742 67307
60389 -15120 60472 -15689
-77680 25747 -77047 25633
81929 -71443 82604 -71785
60815 -59156 61449 -60130
74063 -62113 74277 -62886
-62844 -86808 -62081 -86953
-33069 -11638 -32948 -11680
19940 -55621 20137 -56352
21122 -98343 21814 -99080
75316 29863 76116 29501
-24405 1841 -23814 1777
-75430 57590 -75299 57234
-90520 -42326 -90165 -42941
-2997 58991 -2233 58572
72277 47644 72892 47547
42350 57867 42454 57591
-40266 -88857 -39727 -89579
-61856 47328 -61253 46594
-69347 6251 -68702 5729
52264 27197 52953 26846
-18777 -38547 -18026 -38733
21662 -57651 21728 -58195
93432 87646 93519 87409
-88612 -4958 -88296 -5388
-2754 -62555 -2678 -62854
-10245 873 -9938 499
-28573 59040 -28330 58231
71145 -30133 71293 -31074
15807 -36904 16301 -37740
39831 91793 40707 91273
1935 -69711 2150 -70057
29911 -45430 30046 -46305
75523 33555 76003 32616
42375 27988 42468 27913
-19298 44618 -18315 43865
-23610 -13297 -22678 -13339
6479 -60785 6961 -60997
93698 64708 94086 63753
57780 -38400 57976 -38494
-56443 -86112 -56101 -86333
54080 -53042 54997 -53917
91110 -21031 92104 -21788
34108 71801 34379 71371
-73897 -50731 -73510 -51133
-93252 48529 -92953 48302
-37354 -30702 -36932 -31669
37774 26532 38263 26205
-95927 -65768 -95356 -66529
-40730 85406 -40272 84925
-65899 97597 -64936 96665
72131 -7400 72542 -7665
642 -87418 991 -87625
-19761 -87526 -19135 -87675
-62575 91237 -62064 90357
13527 -4994 13813 -5670
-95759 -74911 -94846 -75907
-63896 -1107 -63877 -1160
-90575 -32944 -90463 -33103
34505 -34121 35261 -34934
96949 -23269 97410 -23766
-53610 -90388 -53392 -90512
-44379 -50618 -43735 -50782
52704 -51903 53054 -51908
-68611 21441 -67723 20446
-25395 1297 -24745 337
1508 -12755 1992 -12890
76440 22613 77222 22412
6474 26321 6699 26002
-6162 98398 -5550 98178
-35258 56963 -34617 56089
63806 53529 64289 53521
-17163 -71746 -16201 -72276
-39320 16339 -38959 15933
23442 -16143 24223 -16688
75026 63784 75310 63755
-9162 -32231 -9038 -32873
9300 18412 9675 17425
112 -87407 116 -87844
-3026 -14831 -2538 -15695
-31679 -58732 -31066 -59275
-34795 -78330 -34113 -78632
33753 26467 34743 26035
24288 46390 24904 46198
70463 85210 70619 84903
36542 -89845 36929 -90254
6993 40198 7463 39828
-47132 7123 -46475 6155
-53739 -73623 -53063 -73734
-3997 -80580 -3087 -81024
-15960 -19342 -15136 -19754
-95734 31656 -94888 31281
-63910 -77812 -63567 -78462
50620 -59689 51356 -60630
-46895 35493 -46081 34580
-89974 -17240 -89271 -17822
-97796 -66702 -96989 -67460
-2897 80713 -2814 80014
70229 91180 71077 90327
-58711 -16401 -58304 -16824
-87031 86636 -86072 85759
-25508 93758 -24835 93238
22359 73745 22731 73654
-43424 45214 -43113 45191
9184 -3650 9612 -3863
-70162 -85584 -69705 -86122
83354 -41136 84193 -41838
-67999 80210 -67949 79218
30033 57860 30156 57134
47503 -62266 47758 -62388
92192 66774 92710 66161
68372 24859 69078 24027
-75853 -76966 -75644 -77679
-92689 60811 -92294 60339
8372 16579 8669 16084
-27005 44150 -26738 44051
-86264 -74735 -85425 -74828
-58745 -36683 -57949 -37530
79321 -5002 80015 -5638
-52566 89048 -51643 88766
47677 -17596 48651 -17716
-38982 63261 -38247 62793
49111 -34520 49408 -34711
17283 89495 18188 88918
-87813 -39550 -87786 -40154
21037 34222 21514 33885
73885 95502 74859 95396
63807 67640 64143 66933
-12557 -84297 -11935 -84450
-42631 50854 -42369 50445
-93728 -80755 -93714 -81170
3964 20706 4524 20051
9249 -62754 10003 -63724
-45868 63028 -45012 62342
64429 -87106 65325 -87167
-74118 -30935 -73431 -31220
-53051 8626 -52851 7942
-70485 89957 -69536 89920
27443 -42651 27829 -43007
-28927 -96607 -28890 -97434
75040 90167 75944 89967
26165 -71348 26297 -71815
52590 70533 53198 70416
26811 45924 27496 45424
-93007 71821 -92623 70837
52418 14451 53411 13613
19659 -84377 20006 -85042
-84964 -9080 -84154 -9880
51157 27443 51339 26878
-16693 -63759 -16025 -64462
88110 41501 88925 41378
7074 54413 7438 53960
-21811 17144 -21446 16391
-63608 -39255 -63420 -39358
-83904 68917 -83000 68731
77697 3074 77970 2350
44470 29296 44483 29283
-53399 46273 -52686 45310
39501 86221 40469 85291
-33438 -43360 -32928 -44083
36539 -13758 36765 -14613
37217 48130 37724 47907
30002 -54958 30040 -55201
39612 -10751 39788 -11213
77457 -86588 77476 -86883
-77931 16818 -76968 16658
-33420 -50661 -33139 -51304
13699 -85006 14159 -85723
30357 -25285 31269 -25544
69838 -54072 70782 -54322
53243 -36902 54098 -36943
-67302 -67687 -66547 -68578
-77033 71134 -76157 70594
-75252 -46985 -74690 -47066
19466 51638 20119 51256
75981 51197 76700 50536
86696 -19973 87282 -20950
-83534 12268 -82963 12201
-66950 68616 -66756 68470
75091 -1545 75929 -2269
-18404 -29040 -18281 -29187
49566 -10926 49841 -11122
15883 -27757 16335 -27849
-56297 -63090 -55540 -63217
52912 -29691 52943 -30560
-52871 15958 -52580 15733
-82140 -56628 -81785 -57197
-67828 -1694 -67283 -2566
17426 -34344 18054 -34511
-28853 -43267 -28807 -43389
57156 94341 58141 93764
55329 -88708 56014 -89454
21968 -61735 22261 -62299
88397 -18719 88784 -19710
12840 45963 13679 45484
92545 95658 93319 94808
86687 -12606 86928 -13070
-76632 -96275 -75652 -96917
38674 -49597 38864 -50403
75352 -31159 75915 -31511
-88436 -97158 -87576 -97318
-18856 55661 -18355 55414
20525 -23073 20603 -23755
59294 -61788 59557 -62142
-67112 -40428 -66653 -41010
-74442 11217 -74284 11173
40905 -74986 41771 -75755
53066 -82794 53368 -82887
68343 93440 69211 92695
59146 58681 59652 57804
-90971 23669 -90436 22859
28932 -75064 28944 -75723
16419 -50893 17083 -51068
39689 -59025 39739 -59532
-66745 79007 -66700 78232
-68982 72086 -68026 71180
-89842 37837 -89601 37160
-66246 -47536 -66146 -48133
53289 -74729 54238 -75254
49722 -61777 50177 -62101
-38430 357 -37869 47
21129 58238 21475 57991
76292 15304 77249 15014
8303 -87032 8426 -87924
-844 31213 -658 30968
16525 42245 16956 41734
-69903 45066 -68992 44142
-34267 62767 -34002 62622
-88440 90802 -87778 90669
-23391 78099 -23010 77367
-59593 -96868 -59302 -97185
-37526 -7603 -36624 -7704
85460 73482 86370 72589
-89172 -26224 -88760 -27188
57692 -82873 58562 -83134
96388 5149 97145 4205
-27487 -32829 -27159 -33805
-4253 -81812 -3713 -81995
19392 88936 19592 88904
61829 18757 62778 18683
-72361 15238 -72283 14475
-42726 55186 -42306 54458
-6077 43051 -5858 42927
-65650 -56866 -64938 -56966
-35605 5999 -35117 5424
-72808 -80673 -72270 -80722
-33879 43784 -33693 43100
-33657 -14287 -33461 -14936
53744 28862 54609 28643
38581 -20047 39141 -21026
-94955 19749 -94469 19150
-8169 -87102 -7276 -87295
43195 -87875 44038 -88750
-64648 -9032 -64325 -9228
-11029 -92681 -10524 -92981
45591 39408 46497 39179
-73126 50224 -72878 49834
-98747 -92038 -98031 -92545
52374 -82280 52701 -82595
-64022 85281 -63439 84786
15692 91451 16283 90921
26071 -82960 26588 -82991
-28944 -43289 -28127 -43491
27005 -47648 27250 -47986
-21200 86311 -20538 86298
-1384 -25017 -676 -25167
-55603 95933 -55416 95196
-59206 -19182 -58360 -19847
17510 -25503 18319 -25990
55990 1810 56768 1017
27240 -36882 27637 -37683
-66765 -60942 -66175 -61299
64065 77697 64924 77655
-72119 39607 -71555 39052
-48404 -1186 -48339 -1343
-95381 32766 -94935 32073
68843 -83506 69247 -84312
-7067 88497 -6235 87862
98629 65334 99436 65153
-15433 38924 -14815 38313
50828 19801 51261 19081
-86085 -49264 -85442 -49844
29774 71753 30227 70884
81161 -43219 81213 -43649
63311 -88239 63893 -89147
-76204 -65410 -75891 -65510
48653 -43484 48911 -43789
63487 30090 64457 29341
45995 -56689 46781 -57053
-89343 51071 -89189 50616
-88225 -37990 -88075 -38354
11427 97640 11536 97208
-36642 -78193 -35877 -78593
-42774 3393 -42467 2394
-13153 16769 -12662 15903
54594 -7087 55476 -7718
-44518 23615 -43640 23039
79866 95355 80084 94449
-33743 86452 -32902 85736
1502 -42265 2377 -42963
64719 95158 64836 94325
29341 35795 29526 34808
82267 69046 82747 68198
55259 -85216 55409 -85842
82799 60589 83509 59832
-49433 -48195 -48435 -49137
92640 -89207 93166 -90156
-72664 -8705 -72034 -9166
-47144 74846 -46967 74119
71610 -59741 71749 -59873
-21862 8483 -20862 8160
14782 -52532 15259 -52685
12443 2127 12826 1703
18689 34680 18745 34480
-94493 50655 -94184 50193
52046 -22998 52517 -23399
-140 -59289 -95 -60087
-56601 87828 -56295 87669
-2082 78355 -2060 77751
-2868 -79533 -2283 -79973
-31901 93176 -31434 92845
-41111 49019 -40368 48907
19065 67118 20047 66422
-40306 -84962 -39359 -85537
81457 18085 81944 17792
56349 57622 56493 56968
-23364 -33005 -22817 -33646
-24493 -95596 -24101 -95956
-73229 -27082 -73103 -27380
88669 65104 89640 64163
27889 32025 28237 31867
21097 95344 21591 94590
-90001 -37339 -89180 -37962
8021 -23285 8036 -23357
-53972 -39094 -53627 -39683
38626 -59951 38649 -60541
-98918 -58020 -98114 -58482
-49584 79534 -49490 79149
-52978 -67084 -52154 -67751
71242 -62301 71814 -62533
-90452 -79861 -90080 -79984
-93882 7617 -93100 7080
97498 5824 97893 4990
-28293 -23147 -27693 -23257
-70905 76406 -70578 76077
-51156 -40489 -50648 -41131
-1258 -79293 -1063 -79747
14345 78937 14390 78800
88620 -55572 89541 -56360
-50174 1284 -49501 974
-39348 72021 -38980 71715
63404 -88904 63427 -89714
-47307 -79544 -47236 -80465
20945 54192 21643 53867
2214 76819 2259 76019
86924 -90331 87116 -90863
-83029 44366 -82268 43520
58899 12936 58955 12140
23713 -36338 24413 -36612
-615 21849 -173 21747
82611 -96488 82848 -96675
28762 51214 29402 50951
72291 -26335 72877 -27037
-86182 10581 -86089 10199
36191 -19348 36618 -19795
35378 52765 35950 52471
5409 60208 5723 59546
-69898 80882 -69717 80449
59065 94019 59874 93823
75261 66520 75608 65867
60805 -7897 61154 -8775
-92695 -76592 -92469 -76800
-3100 -89464 -2876 -89998
-10462 -54471 -9980 -55350
-89773 60499 -88999 60414
-86294 -11794 -86012 -12408
-14166 69330 -13244 69001
31657 85263 31732 84332
19302 71016 19996 70128
70476 78576 70504 78199
31697 59411 32612 59363
20771 69362 20880 69061
44572 50282 45533 49846
13935 -26465 14682 -26710
-90948 -10133 -90615 -10559
25584 15538 26138 14862
-18804 -86160 -18215 -86773
44191 43892 44306 43093
-24950 63673 -24788 62950
59402 -10608 59426 -11487
78093 -15140 79041 -15189
28653 -87169 28766 -87972
-83291 -41418 -83269 -42087
61324 4265 61898 3455
56510 -33109 56651 -33583
68311 -89881 68383 -90805
-5800 53413 -5221 52965
44811 82187 45769 81333
-19518 64971 -19322 64341
97831 60451 98259 59921
20949 74471 21666 73756
18359 -64108 18657 -64176
-54593 62067 -54307 61421
-37825 88304 -37524 87666
-36265 17469 -35508 16818
52402 -67122 53318 -67254
76686 -59887 77499 -60809
80445 -68491 81171 -69370
-93659 4287 -92916 3975
-79262 -39487 -78652 -40416
82447 -23714 83151 -24425
45202 66885 45275 66513
83290 82984 83727 82037
-32966 -36739 -32838 -36763
-98101 -56995 -97138 -57230
37471 23170 37483 22371
-55571 -83628 -55327 -84447
5442 80828 6028 80638
15320 67777 15350 67619
27643 98901 28520 98492
16835 -73981 16889 -74241
18763 -92997 18902 -93268
20624 -88722 21169 -89021
-75289 2820 -75055 1903
-92893 -49552 -92304 -50085
-48943 42615 -48531 42036
-29301 56338 -28614 55849
73618 -71314 73802 -71702
-70493 10479 -70132 9982
3319 48662 3796 48065
-35895 -97189 -35593 -97564
34854 -84950 35442 -85393
75981 -40717 76264 -41209
-77665 67205 -77367 66240
92487 -55358 92693 -56131
-53972 -34285 -53325 -35006
-67142 51351 -66799 50743
33008 51191 33072 51127
-53938 -38737 -53820 -39394
-97796 64584 -97794 64200
-65738 -98561 -65457 -99001
7861 27107 8171 26181
-67906 73013 -67846 72846
59131 57528 59636 56932
63287 -97996 64103 -98615
74297 -39279 74562 -40096
93369 -73132 93919 -73495
40919 -27190 40922 -27817
41492 -84295 42330 -84823
58255 -10950 58863 -11719
-3678 23935 -3523 23388
-10721 -13845 -10430 -14318
-8546 40503 -7575 39984
24203 -15393 24842 -16134
91155 51599 91351 51095
-96479 -36663 -95914 -37318
-60589 45831 -60453 45113
-98726 -90884 -98136 -91633
-74118 90338 -73693 90258
11610 -9157 12066 -9403
-35408 -16143 -35188 -17019
42047 29847 42793 28899
7474 89096 7660 88335
91980 9592 92341 8857
-4580 -69831 -4116 -70383
-71653 3404 -71565 3078
-34965 -42598 -34931 -42646
-15156 -56740 -14509 -56925
-64168 71068 -64089 70124
-45332 57234 -44517 57108
-12900 -29040 -12501 -29181
-69394 -54769 -68858 -55326
98326 46865 98708 46776
27364 5898 27578 5664
21264 34138 21680 33334
57957 -91725 58740 -91826
-60868 12623 -60159 12486
-49800 89201 -49313 88751
96766 26653 96877 26035
-10631 -20537 -9835 -21205
-54320 71242 -53523 70992
9000 67253 9801 66908
-57315 53901 -57193 53298
62255 -31356 63174 -32014
33147 27168 33737 26300
63481 15303 64323 14939
6343 -13808 6449 -14625
44051 -81090 45043 -82048
46961 82370 47210 82116
79222 26318 79672 25838
-73138 -22968 -72320 -23920
31184 -48831 31894 -49642
-51559 -87741 -50732 -87878
-53746 -68059 -53627 -68298
-66709 86773 -66494 85792
-85196 61465 -84695 61304
-23002 87446 -22638 86541
-30591 49676 -30468 48839
-23790 -27978 -23305 -28913
31315 -42959 31842 -43120
-56514 12379 -56185 12007
24487 -17319 24811 -17820
11721 -54394 11735 -54657
92220 -83672 92998 -83732
77881 65110 78559 64579
-58182 63067 -57929 62426
-46922 71286 -46229 71017
-13067 46796 -12121 46313
37521 47359 38152 46384
-13199 -22995 -12594 -23851
14469 54458 15263 54264
13127 -38166 13196 -38589
-25588 23776 -24967 22953
-85530 -79543 -84559 -80204
89244 23563 89425 22877
-30770 -17167 -30167 -17525
7436 -70644 7520 -71494
95117 96858 95555 95879
89353 57881 89544 56956
-72234 -33598 -71691 -33724
9363 -65044 9823 -65709
-34733 -53165 -34011 -53829
-18829 35110 -18516 34507
63376 -55390 64374 -55483
-62200 39542 -61324 38589
-740 24555 252 23731
-88529 82812 -88518 82290
87016 11455 87632 10656
61054 -60957 61585 -61029
4131 -67586 4873 -68540
12654 -38724 13651 -39415
-30146 -80466 -29393 -80704
-75168 58337 -74512 57909
78626 54205 78856 54128
-22091 43865 -21590 43262
-626 90986 -477 90578
-23607 61876 -22748 61651
-93654 -62044 -93037 -62705
-51750 87353 -50869 86982
-95498 -61942 -95451 -62873
23683 39973 24354 39835
25972 97769 26691 97254
-34903 63375 -34381 62764
-11830 -64364 -11762 -64776
22187 -89094 22197 -89360
74953 73076 75219 72993
-2772 -84062 -2142 -85005
7665 -83098 8314 -83413
-11058 3335 -10449 2670
82151 65436 82569 65018
16881 -57065 16885 -57743
-62922 17829 -62240 16836
63840 -59421 64046 -60005
-12949 98360 -12488 98260
69292 32387 69790 31507
33973 -96882 34951 -97640
84341 13366 84424 12612
-52639 79770 -51979 79379
-24627 -59375 -24340 -59848
-13554 -26723 -13009 -27072
-42190 13466 -41745 12487
37055 32231 38020 31701
-15716 85359 -15554 85204
-58710 -36368 -57890 -37063
-20845 79992 -19921 79843
-69938 -18422 -69361 -18875
98282 23040 98722 22349
27029 3798 27689 3300
74511 -73929 75495 -74660
-52495 -94629 -52139 -95435
-27088 -44227 -26206 -45203
36110 80671 36748 79848
44564 -13087 44617 -13681
-71680 -64322 -70687 -64974
51963 37850 52566 37586
68888 42607 69556 42427
-30830 93456 -30769 92815
-42877 -21593 -41954 -22584
84569 14614 85392 13988
-8569 62500 -7605 61617
-36689 -20755 -36630 -21070
-1118 -16551 -645 -16777
-72128 94427 -71619 93839
45332 -98512 46291 -99140
-65121 -47119 -64424 -48040
-64068 98330 -63236 97706
81319 -58415 81765 -58559
-47784 75853 -47341 75542
15113 -78080 15470 -78810
81429 -74308 82327 -74340
25661 15489 26053 15408
-58996 -63643 -58249 -63995
-10534 78299 -10003 77330
-39413 -48965 -38591 -49965
-57256 55274 -56785 54750
35943 6 36466 -539
83963 73577 84380 73385
41357 90453 42138 90095
-90710 -33386 -89995 -33569
-88308 43907 -88267 43832
38829 -62936 39236 -62944
30159 -28294 30729 -28775
-23355 23145 -23124 22746
-25762 -69306 -25456 -70273
-62016 81338 -61966 81329
2900 12336 3383 11875
61176 -18559 61939 -19118
-97069 9248 -96816 9047
21756 10115 21887 10077
-32091 -6341 -32073 -7032
92671 93669 93648 92927
-28495 2185 -28149 2161
-90350 -37214 -90118 -37947
58318 43760 58478 43000
98077 -19283 98793 -19712
60709 73199 61032 72963
-98224 9248 -98126 8603
-96462 -86411 -95714 -86972
36550 -33559 36827 -34264
-65819 80934 -65269 80252
-55286 -53629 -54406 -54572
-41023 -67935 -40711 -68077
-21081 59303 -20841 59172
-23840 -94729 -23374 -94845
-15546 70482 -14576 70019
97483 -4119 97539 -5037
-30213 27962 -29243 27572
10623 -33025 11045 -33660
-74638 7248 -74441 7111
-72303 -44062 -72032 -44808
93419 20043 94118 19129
-86713 -82322 -86003 -82815
78296 81951 79018 81588
11690 68940 12208 68361
90724 146 91510 125
-53831 -96115 -53558 -97013
-18802 -2161 -18129 -2835
-80737 2569 -80460 2102
76360 17627 76640 16990
-23648 -66501 -22984 -67246
28893 -9962 29135 -10673
-79733 -6370 -79341 -7226
56427 -96859 56896 -97562
-2333 67910 -2278 67602
84843 -10326 85186 -10590
-23955 -90242 -23619 -90300
-24211 7985 -24081 7937
-32765 71513 -32068 71304
-51315 -17199 -50459 -17324
-37807 28955 -37677 28739
80644 -2755 81636 -2838
43615 72493 43736 72178
16618 -28804 17544 -28874
-71974 -56964 -71104 -57851
-37490 95219 -36720 95096
53722 8790 53723 8074
50285 -40503 50631 -40563
73425 -49330 73653 -49521
-76574 -60231 -75677 -60536
-10035 -86351 -9777 -86425
36628 41683 37092 41204
72152 -84998 72845 -85976
62370 -56727 62854 -57000
63896 -33766 64616 -34359
-28990 43507 -28590 43334
58715 23459 59163 22928
-23875 -33084 -23519 -33555
38390 -60599 38848 -60860
2870 93705 3249 93267
-54443 -59448 -53513 -60416
-33481 -52735 -33041 -53220
30478 23127 31060 22635
48899 -4256 49602 -4635
86523 69782 87000 69208
-44186 19295 -43698 18992
-30284 -24711 -29695 -25467
-59577 -53483 -59182 -54282
73470 -21505 73788 -21713
-57612 -55747 -57083 -56726
-89960 -25029 -89799 -25421
41994 -20339 42315 -20988
90522 67235 91469 66389
-2072 255 -1912 -427
34951 75653 35164 74944
-42732 77422 -41771 76765
-19247 32651 -18435 32240
-21891 -36002 -21379 -36560
-76880 -7335 -75929 -7601
-75828 -79523 -75154 -79629
61089 -11535 61694 -12510
-72949 -28190 -72093 -28737
-53882 -15676 -53756 -16197
78890 9982 79631 9273
34360 -55177 34366 -55542
-63602 -61369 -63216 -61620
21138 62889 21715 62524
-91478 -12871 -90940 -13495
-29616 76989 -29148 76027
-60089 -23155 -59486 -23601
36733 37633 37453 36835
-7234 55 -6480 -258
-86082 83213 -85125 83101
-12217 38670 -11853 38350
-46796 63626 -46293 63131
32163 83389 33022 82500
-93452 -65456 -93186 -66062
-45961 74233 -45871 73906
91417 83494 91740 82925
47304 -37437 47961 -37848
44965 25239 45878 25219
-84146 88175 -83730 87634
-64127 -92688 -63144 -93046
-71575 22308 -70627 21792
-26090 -35906 -25113 -36881
-59298 -16160 -58960 -16541
-13316 -21239 -13184 -21283
69197 -86962 69354 -87615
-77107 43325 -76190 42451
72082 -24445 72877 -24476
51509 46145 51999 45712
77514 21688 78148 21278
-50526 87443 -49759 87266
-70104 -55249 -70073 -56047
37381 -70288 37767 -70785
-98604 46763 -97744 46426
-5474 84892 -5253 84045
-60326 8527 -60230 7797
77885 65372 78510 64653
-50122 -40028 -49323 -41001
35919 -26644 36053 -27209
-44156 29423 -43181 28881
-86153 -28299 -85650 -29081
27264 -68566 27759 -68821
36955 87997 37317 87570
-76694 -14054 -76138 -14173
-18907 -19360 -18384 -19641
12292 -7272 13273 -7926
-47497 15555 -46558 15021
-40515 -98635 -39805 -99433
-62218 -6193 -61651 -6861
70780 41280 70817 41279
-92452 -29761 -92214 -30338
-38022 -32475 -37923 -33027
6722 88710 6887 88285
90171 -48788 90884 -49661
-42901 68381 -42610 68101
-75288 5935 -74434 5392
-33782 67587 -33275 67491
-27685 -61603 -26744 -61924
92214 -41738 92600 -42620
47693 -64579 48108 -65496
4672 41517 4778 41463
73653 10159 74543 9170
-30605 30191 -30151 29428
-92081 77551 -91892 76734
40537 -7427 41029 -7650
33183 -27354 33852 -27800
-48738 16384 -47887 15789
73489 44395 74364 43732
64877 70209 65036 69431
31677 -37844 32209 -38083
17484 -96330 18249 -96786
69893 -20268 70794 -21092
-90477 30124 -89842 29544
-3573 5119 -2942 4733
-15254 -53998 -15068 -54656
-62613 -74192 -61706 -74682
-70294 -94715 -70049 -95335
71344 -94869 71742 -95646
-1882 -10711 -1169 -10832
-24530 -75776 -23997 -76238
-67386 46674 -66413 46328
19770 -82184 19934 -82245
39421 94131 39929 93585
-12575 -18023 -11854 -18147
716 -10845 952 -11224
22678 43723 23505 43013
-48327 48459 -47999 47944
26893 91314 27082 91120
-71203 -10324 -70993 -10369
22790 20206 23315 19992
86706 94841 87255 94822
51193 36407 51951 35891
-47746 94409 -47306 93818
-3344 97150 -2922 96399
28874 -75994 29242 -76009
43022 86048 44018 85888
33614 79430 33885 79411
-94257 -33899 -93914 -34159
-92695 -14374 -92012 -15252
-58973 -32838 -58555 -32944
-39160 9061 -38776 8575
39675 -88898 40342 -89529
-49933 -25127 -49766 -25573
-37856 -67983 -37099 -68531
-56932 97599 -56770 97126
63282 50550 63782 49851
-36666 80674 -35856 79823
-9583 25021 -9478 24948
36927 87712 37291 86978
88855 -18719 89150 -18852
-6086 92944 -5285 92410
24982 96794 25728 96575
41743 78503 42430 78360
21741 -13670 22351 -14511
2430 -62618 3185 -63578
80481 -21578 81079 -21840
79249 45417 79602 44807
26102 11413 26891 10728
95746 86409 96360 85809
-20184 -61238 -19424 -61489
37626 84701 38072 84397
74366 -60711 75029 -61587
-84786 -26846 -84361 -27832
12797 -3918 13124 -3973
34725 57947 35139 57020
-72456 -22647 -72398 -23623
6690 5769 6712 5518
13597 78894 13722 78385
87333 52339 87725 51749
-84665 -1174 -84426 -1952
48841 -71956 48941 -72361
66678 56622 67361 55703
-17740 86489 -16847 85825
-54455 18826 -53492 18333
55390 -96315 55403 -96933
-92543 60111 -92181 59757
61267 -47963 61351 -48679
61075 -393 61439 -1367
14203 18966 14805 18885
78729 45094 78904 44703
36720 -96823 37454 -97542
-49605 -44185 -48923 -44968
49512 76913 49956 76272
62950 70260 63181 69376
-14543 -30612 -14255 -30783
-12894 -18398 -12582 -18879
-43023 -83463 -42807 -84050
63115 22900 63629 22661
75198 76477 75424 75549
-88470 87097 -88013 86819
70966 -17938 71051 -17963
48855 -91123 49116 -91225
46640 39339 46999 38954
35782 -48439 36218 -49343
-11932 -62296 -11893 -62694
-49418 39200 -49263 38839
94988 -49405 95172 -50068
-72065 13074 -71636 12076
-26377 -77247 -26313 -77387
-98728 58421 -98338 57930
567 -30771 1108 -31161
35600 10422 35862 10079
41094 93822 41276 93217
-78710 -28991 -78015 -29107
-79454 69299 -79285 68529
-55757 -82792 -55219 -83493
1183 -14167 1288 -14824
33012 -39467 33666 -39665
46477 -20948 46785 -21175
-67012 73551 -66138 72668
21439 -14481 21522 -15171
48399 88751 49237 88127
-46655 15475 -46027 15426
69992 74220 70781 73537
81902 50480 82793 49832
-54028 29158 -53497 28956
18426 29932 18749 29332
40407 -20580 41037 -20974
44733 46665 44973 45922
19140 42405 19649 41904
45782 4250 46392 4199
-43335 -5084 -42817 -5494
34802 -15974 34982 -16565
29510 72656 29827 72481
40201 32607 41096 32046
-46744 -84959 -46725 -85957
-54090 51194 -53767 50568
35278 35508 35522 35393
-78921 47312 -78797 46659
-85788 -17248 -85037 -18088
-78619 85951 -77991 85808
89337 -64535 90175 -64819
-60957 -94734 -60854 -94770
20768 74533 21547 74162
-89587 -50965 -89525 -51201
-97229 87527 -97163 87122
-34784 -2310 -33848 -2842
786 -5008 1560 -5463
71004 -38660 71903 -38936
78087 13378 78224 13071
-49946 34518 -49027 34313
-23703 46863 -23130 46560
79013 94755 79017 94485
-36787 39126 -36038 38807
17190 -19202 17947 -19710
-75338 50713 -74712 50623
45520 37242 45704 36704
56460 -74848 56799 -75679
69092 -14613 69598 -14838
-8378 44830 -7504 44693
-46051 26765 -45922 26554
-27374 -49460 -26722 -50109
28190 -72756 28618 -73485
41219 -48437 42068 -48645
25933 -86680 26444 -87200
-65470 -50908 -64754 -50912
49767 -37467 49913 -38186
10951 79035 11359 78122
-51052 -62889 -50893 -63351
27281 -18097 27709 -18908
-92445 66745 -92183 66435
-85513 -55060 -85137 -55190
33785 73505 33834 72696
-93710 -13436 -93422 -13831
-82860 58029 -81911 57781
69500 67685 69820 66689
1945 61708 2788 60847
49764 66124 50574 65782
-60289 -17284 -60073 -17964
90121 37813 90927 37167
86314 -79697 86514 -80592
98402 88861 98407 88163
37765 -75749 38401 -75872
-63295 -73933 -62894 -74569
-83290 40894 -82996 40290
66213 25125 67063 24852
87378 -42474 88356 -42699
-92522 91644 -91845 91165
19682 62629 20229 61662
-31064 -32128 -30660 -33066
-80771 -88578 -80623 -88740
-35550 97683 -34658 97117
-55208 69821 -54331 69706
36885 87259 37022 87247
-79332 -82045 -79141 -82290
-64811 -48103 -63837 -48662
69911 87649 70093 87545
-50025 50755 -49542 49952
-98421 -96879 -97827 -97637
-93736 44751 -92927 43810
45432 -21278 45726 -21910
57318 -87130 58255 -87414
-83005 25163 -82596 24633
44100 -29468 44226 -29734
-69993 -56427 -69362 -57196
66042 551 66352 273
72363 11807 72677 10983
-11486 -54839 -11208 -55383
96386 2643 97024 2606
-80342 -51002 -80005 -51354
86329 -63435 86452 -64238
81589 -5392 81602 -5641
42549 -78161 42647 -78923
49206 3645 49429 2966
-12040 30021 -11575 29092
-67899 -14061 -67257 -14593
-75050 -55792 -74727 -56114
-47195 -40498 -46478 -41266
-98055 -64234 -97621 -64446
-22673 9181 -22512 8863
-54360 7727 -54252 7361
50908 85147 51498 85114
63385 -5893 64334 -6706
-44108 -96924 -43223 -96978
-96966 -51670 -96073 -52555
-15525 66635 -14962 65646
-69078 -55006 -68483 -55698
66099 50981 66876 50804
16739 -12949 17484 -13347
-56862 -51362 -56137 -51695
-78575 -75071 -78463 -75977
34914 41188 35361 40262
-77751 -62049 -76834 -63025
-45786 31795 -44794 31502
12447 -28928 13017 -29350
94108 87760 94278 87546
57429 -13884 57662 -14687
-40608 -49794 -40349 -49937
53686 76385 54574 75890
45039 -34616 45730 -35196
-84205 74696 -83888 73743
-91422 20205 -90987 20172
90818 -55328 91154 -55785
74795 -41331 75099 -42268
-25278 34023 -25219 33778
-25855 -73684 -25078 -74499
-35473 72530 -34829 71988
91776 68731 92523 68296
-68222 92934 -67563 92566
39981 -47890 40225 -47952
57470 50188 57609 49208
-88196 55470 -88066 54714
-85048 33792 -84651 33359
-51983 28966 -51196 28399
19684 -83662 19877 -84336
-17101 67755 -16328 67323
-11079 31865 -10398 31720
45662 4357 46131 3911
30385 41553 31153 41137
72294 92933 72773 92613
-73962 35413 -73658 34992
87663 -60154 88401 -60330
69059 -12641 69944 -13398
-60642 48404 -59806 48115
-34471 9298 -34144 9157
-7958 49940 -7553 49219
-11997 81867 -11556 80998
-37104 8947 -36565 8695
-7571 -32181 -7241 -32623
13099 -89025 13817 -89495
-96009 42549 -95479 41751
41633 -50363 42383 -50908
5936 63825 6299 62953
-72638 92916 -71942 92050
-11108 30986 -10276 30187
-8082 32044 -7965 31382
52603 48316 53263 48158
31252 60393 32010 59911
-74107 -65836 -73259 -66173
-50876 -53336 -50222 -54045
77668 33667 78526 32807
37524 98983 37538 98970
-7976 39949 -7940 39777
51739 98187 52073 97444
-51793 49727 -51651 49156
13040 -97072 13887 -97699
8362 22591 8943 22505
-33789 95762 -33787 94929
67648 38947 67767 37963
-75287 -22132 -74492 -22306
-55178 79148 -54523 78841
-22046 4959 -21754 4194
27971 -31886 28003 -32255
-3396 -98709 -3001 -99572
14177 -5390 14556 -5873
-71245 26810 -70441 25932
17109 -8245 17798 -8753
-73617 -9588 -72774 -10065
50093 -9764 50619 -10605
-89913 74298 -89295 74119
-55174 -51674 -54728 -52000
44112 -58878 44154 -59318
10040 -83266 10638 -83366
87309 79280 87472 78889
52875 -75995 53467 -76347
-65600 -35220 -64808 -35239
-28955 -58801 -28304 -59422
22648 23322 23524 22879
59033 40580 59083 40542
-28779 62352 -28255 62163
41053 30262 41270 29700
11874 14253 12826 14102
81636 -42942 81728 -43263
39078 -50528 40032 -50733
24659 -11657 24902 -12576
13384 -57977 14004 -58750
28064 69593 28254 69301
-80673 35369 -80336 35366
8003 64431 8738 63969
-76642 6021 -75870 5198
-79888 58530 -79662 58236
83338 10396 83870 10256
-536 43969 -158 43545
-19894 12283 -19069 12025
37854 55291 38134 54800
-86202 49796 -85379 49239
26112 85131 26828 85062
82493 -36205 83275 -37167
34377 95813 34665 95717
-45187 -40252 -44286 -41198
-42626 -58899 -41737 -59283
-9571 -28738 -9059 -28758
-8436 54024 -7988 53624
11646 -46853 12159 -47020
7379 -2855 8348 -2952
-58197 -49727 -58066 -50587
-84439 -14363 -83610 -14921
66924 -17940 67213 -18551
-82396 8478 -81805 7919
-39615 16840 -39041 16437
-72539 43231 -71822 42749
70647 85343 71199 85192
69968 13810 70298 12878
93892 -9801 94468 -9802
89486 97843 89895 97209
52058 -16932 52674 -17583
-69308 55398 -68752 54805
-76027 61891 -76005 61286
96049 30877 96884 30567
90532 -42676 91482 -42678
22530 74329 23233 73756
-91561 31912 -90918 30918
7690 -18822 8012 -19782
-86710 76976 -86235 76845
-57034 26429 -56758 26352
-59000 81892 -58375 80920
22932 18576 23928 18406
36936 -60211 37193 -60515
49700 71776 50339 71450
98260 -574 98560 -931
-24300 74835 -24120 74247
24560 -65840 24606 -65995
-79789 53086 -79577 52807
52531 -61336 52932 -62149
57035 71680 57197 71342
-79674 -86204 -79053 -86814
24890 90602 25477 90111
92782 -83236 93055 -84101
-55882 -26549 -55289 -26626
-39682 -33417 -38768 -34042
13704 -13494 14481 -14332
-19771 -2203 -18773 -2561
33059 -22286 33819 -22588
91150 -32381 91471 -32870
-66306 -83022 -66247 -83448
-40177 -70309 -39238 -71265
73118 -44496 73564 -44823
26818 47657 27604 46958
24342 -6043 25045 -6975
55012 -56793 55978 -57643
60348 -63753 60681 -63759
-97251 -4910 -96797 -5442
10664 -79262 11266 -79668
-80480 66739 -79700 66695
39672 20858 39768 20757
81648 70480 82546 69580
-4209 2254 -3926 1987
36212 -61332 37064 -61786
63478 19351 63662 18956
51736 60574 51889 60483
-21371 49052 -21051 48402
-45405 10113 -44860 9412
38478 51518 39019 50928
49331 13276 49939 12423
15100 23915 15611 23326
13907 -79753 14210 -80381
21116 61039 21438 60438
70232 43647 70858 43235
-32201 -22520 -31989 -22729
-87400 -38386 -86484 -39180
92613 -75023 92883 -75322
49573 40959 50395 40894
-59955 71522 -59154 71475
-9291 68724 -8507 68499
58425 20284 59386 20179
-19567 748 -19391 426
-64222 95291 -63274 94999
66801 -83218 67546 -83290
-38216 13528 -37296 12603
70878 27417 71745 26730
-59124 25509 -58250 25102
-49792 -81732 -49309 -82277
12085 -30562 13027 -30903
-44400 53213 -43519 53085
70914 -73746 71518 -74678
67812 64773 68112 64720
88305 -33348 89205 -33893
96734 82118 97636 81562
30077 18164 30583 17356
75908 3291 76798 2410
91444 -82745 92429 -83126
-81965 -4069 -81814 -4524
-77309 -52901 -76831 -53257
-47521 -14646 -47132 -14654
26598 58065 27565 58049
38271 33849 38995 33729
38672 -45001 39095 -45278
13499 91213 13576 90886
-27627 -61920 -27168 -62351
-71380 -16467 -70755 -17107
-76909 96531 -76295 96178
-28732 75532 -27939 74556
51544 86911 51809 85931
-54340 81228 -53572 81013
36331 -56891 37113 -57074
52846 -57855 53368 -57958
2257 52482 2284 52352
38388 -23937 39315 -24859
97878 -65920 98381 -66386
1676 86853 1797 86726
66594 -61230 67278 -61808
-72402 -70320 -72098 -70547
43677 -21749 44306 -22216
92301 -51062 92919 -51729
-22024 -25514 -21152 -26016
-59228 96022 -58514 95657
-56844 -29592 -56493 -30205
85219 -15418 85899 -15862
34208 69846 34956 69746
-23302 -54192 -22451 -54221
-71551 -86642 -71387 -87263
-41802 -5079 -41388 -5877
30109 -12485 30899 -13355
24067 -43480 24333 -43646
32692 78025 33145 77526
-27693 -9610 -27044 -10005
11138 52729 11660 52561
86006 62571 86464 61593
-43943 64381 -43153 64071
-15286 26290 -14680 25938
-87073 -47832 -86631 -48042
31643 -90874 32209 -91363
90125 212 90753 -209
82725 63710 82846 62857
-4953 38508 -3994 38448
-18721 -8479 -18217 -8732
60719 73165 60931 72251
29543 -96383 30409 -96609
34968 -95875 35663 -96016
-23249 -91624 -22597 -92127
-25452 -46322 -25398 -46704
79360 17051 79497 16620
87729 64464 88009 64397
-41765 -94717 -41221 -95378
72211 22079 73125 21343
-17829 -49039 -17720 -49859
34709 43485 35624 42969
63874 33302 63952 32584
-9149 -78017 -8156 -79005
10579 -42580 10659 -42615
-37789 18191 -37761 17234
40961 -40499 41198 -41256
58619 21696 59178 21248
-39350 78185 -39138 77605
78717 -93689 79003 -94035
-88002 -19403 -87966 -19832
-54815 -78226 -54515 -78556
64082 -24302 64576 -24908
29710 923 30663 63
73944 60362 74738 59980
11457 3295 12263 2972
50619 -54668 51364 -54760
-16922 30241 -16696 29552
23287 69790 24069 69209
86566 -14791 86659 -14916
15366 3301 16278 2312
96112 -58969 96253 -58971
78918 29084 79152 28533
-37758 90905 -37050 90238
28819 12741 29575 12277
-49422 -69926 -48699 -70788
7839 35295 8289 34402
-58129 51210 -57545 51190
92255 77804 92868 77428
96171 -32110 97008 -32649
4320 -24021 4750 -24577
-19842 -22995 -19381 -23172
-18828 -18325 -18660 -19105
-93917 16399 -93336 16118
61552 -13080 62414 -13633
-12917 8687 -12495 8536
-40592 31143 -39899 30494
-56913 -91014 -56116 -91443
-38941 16467 -38627 15796
-97511 -62086 -96800 -62979
91432 37497 92016 37489
15189 27326 15877 26463
-31642 8526 -30851 8498
-97096 20434 -96445 19886
6467 55257 7197 55158
95296 3060 95553 2893
-31302 88263 -30317 87877
-15454 69600 -15103 69051
60151 75941 60205 75689
-8654 -29346 -8288 -29462
93184 2346 93272 1972
-60881 25669 -59921 25253
38076 36516 38194 35957
17530 -8913 18199 -9631
-95978 -23114 -95355 -23152
-64917 -54937 -64695 -54999
-32237 31647 -32019 31040
37579 14017 37704 13419
55433 28590 55887 28365
-14532 73885 -14039 73739
25121 -91566 25625 -92016
7222 -38472 8035 -39346
-2139 98825 -1728 98346
58284 80118 58538 79318
82386 22413 82771 21651
-58521 -19422 -58267 -19945
38168 66720 38827 66107
-65891 62623 -65539 62524
-6308 98102 -5857 97506
-52826 -93869 -52346 -94861
-41801 13701 -41798 13577
13951 -57706 14002 -58214
-71836 49329 -71330 48859
-48629 -32011 -47646 -32431
-34694 85488 -34521 84901
45710 26736 45856 26408
33945 -66997 34936 -67791
-29393 44857 -29139 44254
4108 -59522 4297 -60006
-67951 46890 -67350 46125
-9543 -80587 -8931 -80751
73722 -7368 74017 -7638
31833 -38623 32671 -38777
-27667 46473 -27159 46449
-29192 -53816 -28693 -54564
-32698 65225 -32584 65097
93835 94812 94784 94198
-53355 78408 -53165 77494
-74592 24848 -73788 24629
-6618 -77845 -5627 -78124
38980 20580 39199 20035
91795 -47504 92075 -48490
83563 -40154 84116 -41009
-24298 -83034 -23809 -83862
-15287 -1947 -15026 -2205
-79030 98922 -78309 97999
97466 9605 98259 9145
64531 9908 65473 9009
-30271 74955 -29777 74050
-87090 80039 -86876 79220
-15549 80282 -14623 80083
-93595 58946 -93501 58898
23482 -58795 24307 -59242
34827 45575 35239 44894
-31703 80965 -30780 80045
10692 63485 11297 63365
-1232 -66424 -1139 -67009
-79863 33352 -79706 32630
69148 -74684 69447 -74819
-67030 -10394 -66585 -11262
87843 -88002 87886 -88356
-94670 63238 -93720 62334
-17563 -50806 -17118 -51539
-37758 -28447 -37393 -29396
-37530 69234 -36568 68454
-4319 -96348 -3626 -97246
-57604 -35064 -57433 -35483
-53031 8425 -52913 7707
-96103 50598 -95285 50438
-46028 54971 -45363 54833
-37082 -92865 -36672 -93519
19205 67841 19218 67670
-22522 -57086 -21798 -57212
2069 -2280 2236 -2540
45825 79547 45849 79029
3791 72584 3838 72449
-83946 -8742 -82999 -9597
-68551 -92999 -68439 -93051
46073 73441 46467 72620
-11621 -80536 -10850 -80751
-48720 61489 -47838 60685
-45768 -60608 -45339 -61389
-69201 78326 -68266 77344
-59328 -17038 -58485 -17554
82624 46404 83418 45469
26642 -47800 27235 -48323
-82650 -75123 -82149 -75279
-83823 75458 -83065 75209
15068 -39104 15290 -39134
-39117 66445 -38505 66324
-57011 -31623 -56217 -31938
90648 20650 91078 20431
-72232 -88306 -71549 -88502
-66278 65586 -66069 64719
75726 7663 76262 7462
-67308 -32949 -67171 -33685
-47470 81854 -46675 81282
68885 48369 69716 47767
665 -72532 1434 -72717
-72904 -2665 -71996 -2686
71216 -66560 71345 -67112
-81079 -2987 -80886 -3587
47421 -19379 47473 -20214
28670 25484 29002 24639
-80498 39699 -80201 39015
30838 -38430 31597 -38561
-76792 94382 -76728 94335
97256 1749 97427 1404
11134 -82929 12018 -83583
10721 -18218 11058 -18815
67319 -4291 67320 -4625
19286 78593 19496 77647
-12920 380 -12373 -211
-86565 72198 -86026 71343
34487 24020 34656 23623
5103 -84192 5950 -84365
-80275 73347 -79558 73060
-2427 63977 -1998 63146
-77786 -22626 -77141 -23127
-5449 -82600 -4804 -82640
-78822 73638 -78282 73470
2597 98843 2956 98611
67723 -19874 68197 -20173
46137 -91046 46721 -91240
11930 76996 12554 76523
67568 62213 68262 61427
-33297 -73010 -32565 -73234
-21885 -93300 -21569 -93894
-72562 -98838 -71861 -99404
-76874 89692 -75996 88840
55736 75955 56729 75581
45582 -49070 46469 -49149
-891 -12253 -769 -12383
-17439 23982 -16977 22996
48975 -53706 49771 -54217
31610 26261 31675 26176
-13850 -45744 -13742 -46433
81809 12611 82556 12241
91227 58301 91800 58206
-40886 79512 -40259 79256
46709 -85015 47242 -85148
40332 -5582 40454 -5667
-82376 40000 -81669 39864
48826 92253 48851 91812
-90521 42253 -90270 41599
-97527 -28801 -97288 -28814
-65638 94500 -64820 94161
-18233 -82454 -17360 -83191
3272 48254 3591 47934
-83534 40913 -83039 40531
24255 81552 24874 81363
1067 -65035 1243 -65445
61657 -17832 62163 -18711
-15602 86824 -15376 86725
11010 -90871 11401 -91113
-26447 -81212 -26057 -81575
27297 -43826 27727 -44154
-79824 715 -79792 673
-20472 -38584 -20277 -38686
46887 -28656 47376 -29030
12316 -78263 13076 -78417
-34651 56991 -34503 56066
4680 18130 5195 17278
-40784 -87950 -40201 -88304
-45845 -25612 -45691 -25967
32011 2889 32090 2280
2597 28614 2974 27679
37103 50131 38029 49573
-90028 -18470 -89127 -19047
-71133 -11116 -70520 -11287
8310 -81865 8385 -82053
-92123 68654 -91988 68155
-35042 -435 -34121 -712
-12822 -7303 -12388 -8179
-62982 59548 -62879 58716
73378 -56761 73597 -57753
-33209 56723 -32822 56331
93909 -66420 94125 -66453
95326 -49505 95602 -50266
-16422 53491 -15949 53404
-63811 13212 -63710 12589
-59634 232 -59392 -55
-30652 44109 -30554 43807
-14072 -42368 -13954 -42455
-7686 17440 -6945 16795
-70877 35495 -70007 35125
27954 59290 28178 58735
16246 90166 16753 89274
-91963 92316 -91797 91691
7968 -21069 8062 -21282
-70031 22810 -69771 22011
-46283 41189 -46148 40961
58108 -40612 58669 -41100
-92130 93844 -91233 93338
89310 -62494 89390 -62799
56191 27744 56302 27509
58567 3504 58598 2977
-63431 -65002 -62539 -65939
97118 80768 97849 80467
-32646 94040 -31811 93648
6401 56472 6766 55834
22490 -16275 22724 -16700
39104 -52382 39756 -52816
50348 -89645 50931 -89935
89944 -21947 90345 -22560
55569 15742 56483 15612
-69732 -68338 -69094 -68953
48949 92185 49882 91863
-84213 26021 -83942 25353
20848 -20326 21050 -20785
87613 10113 88596 9274
-53846 31591 -52982 31098
-51533 -76777 -51116 -77279
-33949 -70730 -33515 -71259
75757 -32084 75938 -32554
-79051 29089 -78982 28548
-68064 7722 -67704 6885
-34732 53578 -34606 52769
-21306 -97159 -20892 -98139
36045 61671 36528 61405
96163 8058 97009 7844
-63177 38971 -62681 38548
87963 16119 88598 15471
94529 -85399 95467 -85776
-38242 77969 -38017 77777
-87509 11475 -86888 10791
13608 -66248 13651 -67012
-11537 -81514 -11469 -82242
-42301 12770 -41725 11897
-43599 -1459 -43259 -2451
-42791 -97216 -41905 -97529
-11832 76030 -11012 75774
4961 53260 5228 52957
34234 -22979 34261 -23001
-38102 -11915 -37155 -12163
-17986 -27021 -17228 -27187
13193 91784 13234 90888
68439 49249 68548 48912
-94437 30992 -93641 30767
9182 -84814 9668 -84855
-81012 58117 -80218 57852
-21843 40064 -21503 39082
55296 81189 56254 81090
16843 -65037 17347 -65573
-38134 43737 -37726 43365
3499 29830 3976 29172
-3927 90426 -3507 90277
-87158 84433 -86850 83693
76254 36491 76464 36311
80989 -12287 81526 -13110
35524 -83931 36123 -84631
-41684 -1581 -41245 -1613
42009 -84063 42886 -84857
2420 -49578 3305 -49761
-82608 -52375 -81859 -52735
83071 -86371 83591 -86587
74703 -95548 75360 -96445
2808 6032 3688 5225
-85541 -31549 -85502 -32041
-18392 -97295 -17839 -98005
-41583 58450 -41032 57630
-80128 -72505 -80024 -72898
75589 30234 76013 29830
-57378 -16602 -56942 -17395
-68232 29011 -67455 28561
19133 -49295 19870 -50178
81390 -15226 81720 -15527
19353 -96727 20198 -97531
84911 -30175 84946 -31081
-95429 72381 -94586 71480
-93106 -91625 -92212 -92588
-97080 4925 -96823 4580
-65709 43690 -65278 43672
5440 -20046 6214 -20441
33109 -39706 33439 -39908
-29496 40066 -28811 39231
-89818 -57077 -89502 -57737
48107 75547 48116 74589
38482 43998 39177 43543
16 -66213 183 -66814
24230 31845 25147 30848
-15984 63781 -15282 63539
7473 -66611 8205 -67158
-28597 65413 -28003 64630
-72183 -7994 -72005 -8154
5312 -21836 6195 -21872
7928 87024 8405 86343
-11147 73836 -10342 73495
33321 28822 34288 28579
67170 61660 67627 61106
-9486 -90328 -8527 -90901
-9179 7389 -8435 7223
-48393 -80850 -47670 -81318
-47306 -6202 -46508 -6720
-23439 10032 -22624 9885
46281 88742 46514 88360
1434 -89562 2058 -90291
87415 -44949 87863 -45722
50840 -26779 51062 -26868
-2140 25328 -1777 24355
72603 40122 73296 39452
70947 -91288 71108 -92014
7099 -56236 7362 -56608
-90150 86823 -90139 86786
-68049 -46259 -67325 -46693
-9799 -30319 -8884 -31022
90529 82981 91006 82359
-24895 73065 -24043 72743
88714 -57300 89437 -57814
-27141 19712 -26570 19292
-80018 -30372 -79814 -31286
-55026 59248 -54623 58893
4080 -47516 4185 -48491
57106 -27780 57507 -28140
-73238 49847 -72552 49350
80741 -42384 81669 -42427
-48239 52901 -47461 52004
-62309 -12971 -61325 -13485
-37707 -93370 -37190 -93376
-13275 85895 -12329 85289
11172 12411 11184 11585
-2313 9118 -1411 8124
12374 80553 12509 80045
-14034 23702 -13373 23387
-48346 13263 -47513 12690
-80930 6448 -80554 5904
-21001 63469 -20088 62488
-67682 85991 -67303 85012
-95711 -33493 -95678 -33914
-92681 -45472 -92061 -46327
-66531 -9879 -66277 -10335
-36143 61848 -35415 61201
53064 -32376 53970 -33202
-68382 -28567 -67399 -29186
75465 -15111 75733 -15505
-9910 59805 -9440 59673
17550 97065 18323 96449
97918 -42503 98651 -43389
28250 50856 28764 49910
54626 49646 55190 49514
5632 -17280 6358 -17286
32575 -9829 32831 -10339
71945 66897 72906 65915
31089 60160 31378 59447
-97016 12756 -96515 12437
15299 -31489 16241 -31985
-26736 81180 -25824 80186
78740 29543 79087 29416
-3299 73739 -2869 72841
-18852 57897 -17912 57827
-98701 21463 -98468 20982
-93169 1255 -92205 774
-62864 23369 -62416 23365
51007 -59877 51868 -60594
98921 -25059 99229 -25118
-10485 71230 -10107 70335
83313 -56735 83598 -57584
70290 39518 70643 38607
-82758 -10352 -82104 -10743
43341 -84856 43426 -85817
-45969 82671 -45324 82054
42595 31912 42643 31580
-395 52871 393 51984
-84334 -89546 -83787 -90191
33513 74029 34051 73893
26402 62494 26864 62257
53693 66780 54504 66480
37769 -34688 38630 -35404
4233 43840 4323 43167
-79333 48947 -78464 48748
-4304 -5302 -4242 -6021
20627 67672 21419 67633
51726 93082 52471 92139
-58608 -61714 -58137 -62349
-5002 46563 -4288 46538
-44465 -43589 -44333 -43767
94560 -42865 95060 -43602
90328 18709 90844 18552
97801 -90292 98431 -90755
22021 26862 22815 26034
87567 -18416 87661 -18875
97807 93683 98509 93505
-28841 87585 -27884 87453
-87567 -23458 -86825 -24068
49156 13074 49284 12678
94113 60769 94813 60483
-86359 -85449 -85744 -86038
57510 -90202 57856 -90335
-89657 -96208 -88843 -96925
80785 59061 81018 58541
28591 71066 29458 70184
5114 62453 5402 62257
15317 90375 15956 89976
34493 -37561 35199 -37648
37636 64970 38325 64047
-52059 60518 -51838 60506
13075 95257 13453 94604
65016 -87974 65918 -88653
-85683 54412 -85308 53591
48203 -17285 48997 -17826
-10963 84281 -10524 83702
-77626 -24889 -77115 -24979
61806 44046 62257 43844
61097 -29928 62021 -30558
-89395 90143 -88896 89821
-21196 -86809 -20556 -86869
-38494 -13361 -38033 -13739
348 69077 431 68957
-91932 41903 -91242 41792
-17752 55171 -17631 54812
-71674 54513 -71614 54216
64408 35247 64562 35074
-80363 -50851 -79747 -51337
88012 -86938 88342 -87779
-79628 85358 -79184 85132
95155 76522 95419 75711
26960 79777 27857 79181
-60919 -96832 -60760 -96889
-81298 55166 -80943 54377
93666 50468 94530 50202
-10583 73695 -10295 73567
80387 -74565 80647 -75059
-98035 -51871 -97792 -52031
15002 86596 15658 86518
12870 40712 13586 39798
-65617 -4574 -65569 -5227
-16181 54160 -15550 53745
31185 88656 31320 88102
-76563 -70097 -76165 -71051
-61394 12267 -60807 11521
19768 53765 20674 53596
-51343 39415 -50691 39284
-62390 -34398 -62158 -35306
-63018 -70030 -63017 -70830
17923 -74973 18011 -75333
-63730 16919 -63348 16117
83774 -33513 84468 -33655
-33028 62547 -32332 62462
-88047 -18620 -87752 -19585
20950 -51952 20969 -52027
-12653 24789 -11749 24130
-87172 -9762 -87159 -10023
4898 28277 5260 27942
-3418 -20566 -2431 -21307
-66248 -74112 -65774 -74146
10408 -85280 10710 -85692
24783 72637 25427 72104
44269 36884 44869 36329
-68884 -89172 -68297 -89490
18195 -65784 18723 -65992
9608 60655 10069 59676
23227 57554 24119 56847
-52851 79105 -52735 78347
21194 -41578 21907 -42300
-45024 56007 -44606 55409
86454 6667 86940 6120
-76408 -4622 -76253 -5594
30205 -32813 30649 -33418
31906 40617 32790 39723
-18807 -32365 -18046 -32748
54598 -34977 55050 -35959
-89520 -90376 -89260 -90420
-43606 -93685 -43210 -94282
39636 -1078 40427 -2073
-22309 50903 -22012 50632
37327 190 37501 -358
-4697 -43921 -3876 -44176
75824 69447 76029 68495
-17917 -2722 -16993 -3363
-45234 65527 -44308 65486
-85726 -35815 -85412 -36323
49977 18967 50607 18774
-58245 -96211 -57555 -96433
33376 -50125 34077 -51056
-95036 -3436 -94288 -3670
-12938 42662 -12847 42304
83042 16306 83729 15848
-68169 -13013 -67460 -13357
16810 -23409 16928 -24366
-78663 59664 -78039 59511
-82879 24500 -82010 24177
-92210 -8493 -91547 -8582
49884 -64314 49902 -64642
31433 -18599 31535 -19297
41968 5799 42723 5760
-17899 44007 -17315 44006
25367 -80686 25372 -81200
78691 -42087 78960 -42661
92634 -53430 92913 -54239
-65767 -68326 -65226 -68848
-39272 -83739 -39267 -84409
-75371 -7817 -74464 -8644
55180 92030 55239 91855
-97122 -81726 -97101 -81878
-39828 -57203 -38963 -57302
59444 -93131 60356 -93431
-55038 -37073 -54814 -37939
54831 -37044 55340 -37246
70514 93542 70851 93342
-47561 -37176 -47303 -37705
-31680 -59812 -31184 -59884
41599 -51134 42477 -51817
93886 24991 93937 24764
-81188 62230 -80275 61257
-49120 -83281 -48461 -83343
-31285 -35332 -31151 -35407
11202 -97440 12129 -98008
-49820 -66022 -49313 -66349
59828 -65329 59973 -65420
-28046 72379 -27229 71548
66078 4280 66409 3605
-66288 70127 -65554 70012
-43005 -59134 -42838 -59585
-15329 56592 -14712 56169
-20802 -52614 -20459 -53027
45068 71625 45690 71359
35315 -66460 35336 -67163
-5664 31630 -4782 30796
68665 -1837 69607 -2042
97752 -16503 98686 -16674
52270 78896 52979 77953
-15958 -63542 -15497 -64191
-95297 68239 -94427 68017
-28696 -14777 -28480 -15138
-79049 -9080 -78436 -9656
-11269 -97549 -10970 -97931
-53704 90540 -52921 89692
-60872 16720 -60725 16151
90082 13980 90769 13248
52457 81594 53324 81140
33314 -52278 33843 -52885
26071 50719 26166 50026
28132 -64071 28946 -64188
-82971 -44156 -82461 -44937
57001 25714 57772 25309
27491 22984 27713 22074
58715 -34581 58732 -35096
50944 59770 51743 59361
-30626 -31429 -30308 -31474
-39614 -8359 -39169 -9290
6828 56232 7094 55962
-41765 -56617 -41363 -56683
-85741 -77172 -84995 -78010
-59718 -97994 -59351 -98278
44089 -39881 44094 -40589
-4158 48417 -4132 47588
81273 -9441 81982 -9904
-7069 -70768 -6800 -71216
-76706 -49810 -76412 -50800
-48178 -50046 -47227 -50190
-81501 -9324 -81291 -10310
-40493 -17665 -39905 -18427
-10985 29882 -10490 29002
-52918 -40869 -52748 -41132
-79353 -45197 -79166 -45657
-62527 -11982 -62212 -12282
55985 -48550 56780 -49104
-33416 -42965 -32463 -43349
18576 28588 19179 28164
84722 8951 85232 8612
-62555 73739 -62304 72832
89297 12431 90233 12289
-32334 55620 -32013 55265
92200 -70030 92763 -70834
-45417 24322 -44978 24275
-92156 16923 -91928 16474
9102 51747 9803 51370
-51843 84085 -51802 83537
66909 -50093 67208 -50336
-41132 95492 -40586 94812
-71387 39392 -71060 39328
-59392 42415 -58804 42129
-55220 -20247 -54365 -20867
32175 12002 33069 11659
66821 -46778 67163 -47669
-51455 -23435 -51024 -23739
34911 -42402 35496 -43226
83749 54851 84282 54362
-29582 54609 -29576 54436
-58685 36131 -58186 35182
32893 10455 33673 9730
-27064 -71613 -26361 -71934
-13930 95859 -12993 95752
70542 13499 70820 13188
43148 29159 43291 28451
-84218 85208 -83771 84439
66629 55688 66663 55169
62904 97461 63405 97150
-78146 -49873 -77454 -50497
-70311 14465 -69637 13654
-73788 -75151 -73715 -75987
-18509 33486 -17549 32690
-3247 -71478 -3160 -72337
81406 67989 81531 67634
-85315 -65103 -85006 -65572
48674 63827 49361 63640
3050 -36431 3052 -36461
-92208 -19734 -91248 -19960
-53827 -83218 -53601 -83587
81174 29588 81237 29044
41236 -28067 41889 -28144
7503 79547 7869 78625
2007 43372 2013 43062
7701 57864 8102 57593
92846 -98327 93562 -98358
38798 15676 39246 14783
-7237 56741 -6590 56070
-21552 -58785 -21047 -58822
-55267 81746 -54353 80907
45085 69199 45859 68990
73402 50838 73964 50280
51881 -39878 52852 -40793
29913 15325 30060 15031
10237 -55354 10428 -55710
80777 34931 81593 34137
-25082 -71365 -24828 -72038
2608 -1820 2807 -2040
46038 -97952 46467 -98933
-14227 6795 -13741 6237
50423 57086 51147 56099
-85531 48747 -84558 48116
-17267 -40586 -17161 -41012
62653 72128 63222 71485
96985 -39192 97785 -40074
-97075 -55726 -96267 -56473
-69399 -52517 -68514 -53205
12417 70816 13378 70659
-84077 93950 -84038 93014
-34993 -75841 -34736 -76220
21329 -87201 22034 -88065
90574 -95944 91115 -96374
-39704 28059 -38834 27279
-47301 59196 -46445 58242
27312 8738 28240 8643
-17422 -47197 -17264 -48064
-21000 -65195 -20767 -65837
-71405 -76583 -71099 -77019
-56306 -46598 -55929 -46706
-34335 -81617 -33695 -81762
51774 -38732 52462 -39414
-70226 22412 -69679 21852
39101 6043 39361 5318
-50971 -64595 -50676 -64919
56863 46146 57622 45936
-62324 76970 -61633 76595
-42353 -33553 -42067 -33901
13324 35974 13641 35322
-65309 -25704 -64832 -26315
-25356 -81002 -24975 -81945
20925 65341 21734 64581
-14443 -10542 -14200 -10774
64474 -54970 64564 -55903
46646 55189 46864 54609
21795 -34860 22437 -35517
68492 94506 69264 93691
94332 -84694 94808 -85181
-24079 -38321 -24050 -38419
-90408 -60407 -89694 -61218
-2118 -10326 -1606 -11324
19438 -90614 20202 -90623
1209 -85456 2200 -85855
-16277 60499 -15711 60271
5824 24969 5979 24905
7059 -5176 7234 -5543
-70152 34379 -70065 34211
91706 95277 92286 94837
-31483 94380 -30703 93480
13599 -25690 13879 -25893
-75494 -2313 -75106 -2849
32878 80641 33076 80550
-96016 -49946 -95755 -50482
-37470 -98044 -37060 -98407
27412 -71387 28014 -71872
-4653 43252 -4239 43082
-95553 97017 -94620 96654
56853 -50908 57275 -51624
-59920 -64262 -59273 -64421
-80864 -30648 -80446 -30708
87675 7619 87995 7502
-82502 96686 -81836 95973
28309 29439 29100 29345
-17310 37400 -16855 37227
-79938 24923 -79209 24378
-54310 62197 -53360 61714
-87261 -38264 -86429 -38953
64048 -15915 64712 -15982
-28722 82416 -28005 81541
-1729 76552 -1398 76127
-53905 -93616 -53388 -93752
29139 20739 29329 20026
-66377 -70346 -66253 -70965
19467 57411 19705 56679
-40627 25985 -39910 25496
-59315 -24824 -59195 -24984
45691 50092 45858 49345
-85169 -66326 -84916 -66611
-67873 -77380 -67728 -78189
-9045 -23855 -8926 -24496
29755 40688 29794 40119
86824 77139 87089 77048
27042 76814 27635 76296
-32715 -93007 -32084 -93662
-80510 -95614 -80045 -95916
-42317 -54321 -42243 -54830
-81870 48365 -80946 47922
50250 -54060 50949 -54625
50892 37928 51564 37788
71814 88364 72000 87797
19700 53591 20591 52938
38402 5515 39019 5171
95674 48102 96416 47211
32973 98427 33484 97474
-79329 -94497 -78510 -95437
93108 13011 93216 12496
50726 31607 51290 31029
-61450 85550 -60619 85020
46779 3706 47477 2720
-70673 -53488 -70301 -53901
35801 -12028 36093 -12959
54909 -1226 54910 -1365
-98525 -51048 -97703 -51763
81065 11670 81145 11319
-52568 67223 -52223 66454
72372 -31123 73089 -31402
-49966 -98706 -49593 -99646
-10631 -10974 -10363 -11703
-72880 58591 -72659 58307
58546 -63080 58774 -63088
-65014 89388 -64652 89182
43758 -6698 44013 -7091
97821 -46630 97945 -46784
20307 -69007 20855 -69891
-81338 -10948 -81171 -11088
-71761 -24450 -71230 -24463
-37095 -12523 -37082 -12648
-92227 43627 -92082 42774
35439 9423 35778 8661
-31154 91495 -30421 91348
-301 -50161 149 -50765
53794 68781 54382 68006
3645 77765 4321 77386
83492 -62804 83520 -62850
13030 -28015 13033 -28887
-9829 -59083 -9459 -59801
-40081 -72803 -39980 -72883
47261 -70681 48143 -71117
-73856 -662 -73517 -1328
-4884 -79141 -4498 -79556
-90579 -78644 -90130 -79202
-91960 -60334 -91304 -60992
-45288 88089 -44862 87489
66730 52918 66905 51950
-29285 82472 -28292 82218
15090 -40283 15600 -41207
34656 8548 35233 7877
14877 86643 14927 85875
34469 -88792 35243 -89201
-74344 -48079 -73916 -48091
17388 -54415 18061 -54691
69424 -38971 69838 -39563
2076 38818 2905 38807
64270 81885 64964 81242
39738 63735 39758 62937
82157 30833 82630 30320
22889 -14217 23235 -14863
-84363 5805 -84272 5093
-30841 -78191 -30485 -78557
85288 -94546 85423 -94953
-6455 -90482 -5893 -90889
-12978 -41002 -12553 -41312
44190 98707 45080 97957
58788 -49550 59293 -49601
89159 -52777 89865 -53444
23384 -49712 24313 -50462
57021 -38693 57398 -38881
-91698 89096 -91104 88934
-15689 -13466 -15397 -13537
94597 15499 94995 15186
88495 -52271 89127 -52591
38132 -28462 38257 -29105
29890 89910 30876 89708
48520 3532 49193 3388
56470 -9980 57026 -10094
15642 2495 16287 2118
-47662 65302 -47504 65156
-22364 -10874 -22164 -11653
-3407 -20496 -2822 -21281
-24395 19731 -23980 19133
5094 -91966 5650 -92731
72314 -87992 73036 -88698
-24075 69980 -24001 69379
7554 -14112 7929 -15075
-3654 27499 -2672 27341
15087 -36092 15765 -36215
-18820 -48514 -17919 -49087
90687 39032 91423 38206
10328 -45726 10702 -46674
46705 45987 47651 45080
67726 54802 68357 54219
-4786 14566 -4424 13970
-9861 37057 -9827 36238
48687 93210 49299 92616
67895 22730 68668 21923
78587 7880 79401 7414
24200 -54198 25073 -55089
42789 7340 43000 6984
-54089 19201 -53666 18939
72954 63143 73657 62366
-55663 53409 -54668 52835
-26046 -22347 -25207 -22948
-26020 -8676 -25392 -9558
-66211 33457 -65882 32587
-17488 3775 -16860 3032
20416 32523 20830 32387
-24215 23311 -23535 22909
42201 -38819 43071 -39706
-36984 -94884 -36066 -95437
-28117 -34543 -27413 -35534
81646 -81842 82017 -82675
-87413 20923 -87069 20103
-61424 76816 -60712 75938
4654 95200 5609 94665
74647 -34745 75595 -35147
43669 -49052 44661 -49965
-47552 -98227 -46918 -98710
-25380 -81593 -24814 -82122
88125 -58865 88728 -59486
-56675 -1980 -55860 -2977
73287 93434 74198 92740
27041 54027 27601 53392
52116 67709 52296 67210
-96874 -22251 -96648 -23194
53874 -47431 54087 -48135
-61861 31319 -61754 31193
46216 33722 46677 33480
-17083 -10557 -16724 -11092
-44004 20486 -43720 20078
-74167 93247 -73353 92953
-10030 36014 -9172 35587
73584 -40827 74104 -41703
-16202 -48617 -15725 -49128
-39004 -98635 -38950 -99036
48274 83459 48768 82486
-96152 44335 -95997 43390
89494 -48090 90050 -48605
-39317 44312 -38959 44107
-21550 -2485 -21056 -2699
-63465 69031 -63363 68591
52357 -19482 52809 -20349
-82153 -56663 -81995 -56940
17666 -31880 18067 -32367
-74241 -97457 -73689 -98316
-50679 22413 -50667 21853
-9136 -52310 -8758 -52861
29390 44238 30252 43921
-63325 -1720 -62521 -2322
90790 -60640 91339 -61210
42318 -59168 42720 -59426
79416 -72732 79741 -73636
-23095 -96391 -22248 -96948
-58173 44084 -57660 43155
41107 49701 41536 48954
59873 92143 60247 91519
-23004 -46956 -22795 -47606
58977 56438 59030 55460
-67306 -83146 -66661 -83703
98870 -14228 99443 -15157
19195 -88213 19304 -88574
-65416 -82495 -65008 -83314
-75061 59169 -74515 58777
-78429 52085 -77449 51347
-521 6256 -25 5607
-153 16584 841 15997
-5525 -97746 -5405 -98001
-69876 78725 -69379 77899
92440 37676 93082 37558
58545 89355 59134 88397
-42071 31462 -41126 30629
22316 94324 23135 94102
24080 32748 25044 32437
-7869 -25225 -7634 -25258
-40380 -76731 -39730 -76765
-59132 43290 -58974 42576
87985 54404 88954 53652
86780 -66908 86902 -67070
-98453 4804 -97524 4640
51052 -10500 51284 -11211
67983 -15123 68892 -16017
12894 -34333 13579 -34966
-15060 -44106 -14152 -44187
90035 29607 90194 29244
76401 26698 76962 26615
70059 51871 70698 51819
-62843 10463 -62352 9505
-92580 -59393 -91804 -59752
82638 -25930 83210 -26379
-51537 54302 -50956 53342
-20053 -62835 -19364 -63651
-34401 -12375 -33503 -13064
-50013 -29405 -49271 -29515
75174 81 76096 -859
87951 93285 88554 92417
-84571 3120 -84398 2704
47669 -71365 48266 -72028
