7 62 66 53
28 38 52 14
33 72 65 34
1 52 65 17
71 89 33 79
18 71 28 62
3 82 13 18
32 47 50 17
72 41 13 53
26 53 88 41
13 11 25 28
26 20 53 53
57 10 56 12
77 72 7 89
34 67 16 46
43 48 33 37
74 70 29 87
80 80 54 58
58 23 60 75
84 31 75 70
63 67 35 29
19 85 9 3
53 57 89 83
53 17 9 56
56 14 80 46
12 81 23 76
8 23 57 62
48 77 30 64
28 64 19 68
65 17 31 4
51 83 17 32
77 4 85 58
14 75 5 44
49 55 64 76
68 26 32 14
25 81 75 88
6 30 37 33
15 83 44 8
35 47 27 15
56 83 43 49
23 42 84 6
64 11 79 61
16 18 19 75
80 74 56 87
68 9 28 83
13 5 60 70
29 45 82 25
19 47 76 52
24 56 50 3
40 46 1 77
44 61 7 65
1 15 32 31
19 32 20 46
76 30 47 21
8 50 83 14
1 25 69 42
46 85 9 47
23 7 40 75
41 7 48 87
35 17 85 84
53 66 78 14
80 16 44 86
56 47 77 88
30 60 78 73
61 88 51 16
69 10 17 13
60 44 58 39
4 18 34 17
49 80 73 61
7 62 22 16
19 38 57 50
39 65 83 73
35 5 74 70
77 23 19 4
7 71 23 2
38 1 10 56
78 39 79 85
78 23 55 30
64 7 10 44
10 56 51 60
89 88 57 38
48 38 28 8
79 30 15 76
20 63 28 7
22 4 21 85
51 49 73 77
80 68 80 34
68 43 8 80
77 83 30 64
79 50 54 3
32 26 88 61
10 73 59 6
83 84 17 42
15 47 31 88
32 53 81 38
7 81 41 7
39 31 2 15
66 5 54 73
73 84 12 45
23 58 64 37
