43 5
79 5
127 5
32 4
40 4
44 4
50 4
62 4
80 4
83 4
84 4
113 4
129 4
0 3
5 3
15 3
25 3
28 3
29 3
31 3
33 3
39 3
41 3
46 3
47 3
51 3
60 3
65 3
71 3
74 3
81 3
85 3
87 3
92 3
93 3
96 3
98 3
100 3
109 3
110 3
117 3
123 3
125 3
128 3
133 3
139 3
146 3
148 3
151 3
1 2
8 2
11 2
12 2
14 2
16 2
18 2
21 2
38 2
69 2
72 2
73 2
76 2
89 2
141 2
143 2
144 2
2 1
3 1
4 1
6 1
7 1
9 1
10 1
13 1
17 1
19 1
20 1
22 1
23 1
24 1
26 1
27 1
30 1
34 1
35 1
36 1
37 1
42 1
45 1
48 1
49 1
52 1
53 1
54 1
55 1
56 1
57 1
58 1
59 1
61 1
63 1
64 1
66 1
67 1
68 1
70 1
75 1
77 1
78 1
82 1
86 1
88 1
90 1
91 1
94 1

49 3
63 3
92 3
0 2
3 2
5 2
19 2
32 2
43 2
56 2
67 2
71 2
88 2
1 1
2 1
4 1
6 1
7 1
8 1
9 1
10 1
11 1
12 1
13 1
14 1
15 1
16 1
17 1
18 1
20 1
21 1
22 1
23 1
24 1
25 1
26 1
27 1
28 1
29 1
30 1
31 1
33 1
34 1
35 1
36 1
37 1
38 1
39 1
40 1
41 1
42 1
44 1
45 1
46 1
47 1
48 1
50 1
51 1
52 1
53 1
54 1
55 1
57 1
58 1
59 1
60 1
61 1
62 1
64 1
65 1
66 1
68 1
69 1
70 1

62 4
4 3
41 3
51 3
70 3
0 2
6 2
7 2
13 2
26 2
42 2
50 2
64 2
69 2
1 1
2 1
3 1
5 1
8 1
9 1
10 1
11 1
12 1
14 1
15 1
16 1
17 1
18 1
19 1
20 1
21 1
22 1
23 1
24 1
25 1
27 1
28 1
29 1
30 1
31 1
32 1
33 1
34 1
35 1
36 1
37 1
38 1
39 1
40 1
43 1
44 1
45 1
46 1
47 1
48 1
49 1
52 1
53 1
54 1
55 1
56 1
57 1
58 1
59 1
60 1
61 1

58 4
1 2
4 2
5 2
11 2
17 2
18 2
53 2
0 1
2 1
3 1
6 1
7 1

53 3
95 3
121 3
7 2
22 2
23 2
39 2
48 2
56 2
89 2
118 2
140 2
177 2
178 2
185 2
197 2
207 2
208 2
224 2
0 1
1 1
2 1
3 1
4 1
5 1
6 1
8 1
9 1
10 1
11 1
12 1
13 1
14 1
15 1
16 1
17 1
18 1
19 1
20 1
21 1
24 1
25 1
26 1
27 1
28 1
29 1
30 1
31 1
32 1
33 1
34 1
35 1
36 1
37 1
38 1
40 1
41 1
42 1
43 1
44 1
45 1
46 1
47 1
49 1
50 1
51 1
52 1
54 1
55 1
57 1
58 1
59 1
60 1
61 1
62 1
63 1
64 1
65 1
66 1
67 1
68 1
69 1
70 1
71 1
72 1
73 1
74 1
75 1
76 1
77 1
78 1
79 1
80 1
81 1
82 1
83 1
84 1
85 1
86 1
87 1
88 1
90 1
91 1
92 1
93 1
94 1
96 1
97 1
98 1

24 3
147 3
241 3
0 2
2 2
33 2
36 2
37 2
45 2
59 2
63 2
87 2
88 2
90 2
91 2
112 2
115 2
116 2
128 2
131 2
134 2
144 2
149 2
150 2
167 2
168 2
173 2
182 2
185 2
196 2
199 2
244 2
255 2
1 1
3 1
4 1
5 1
6 1
7 1
8 1
9 1
10 1
11 1
12 1
13 1
14 1
15 1
16 1
17 1
18 1

0 1
1 1
2 1
3 1
4 1
5 1
6 1
7 1
8 1
9 1
10 1
11 1
12 1
13 1
14 1
15 1
16 1
17 1
18 1
19 1
20 1
21 1
22 1
23 1
24 1
25 1
26 1
27 1
28 1
29 1
30 1
31 1
32 1
33 1
34 1
35 1
36 1
37 1
38 1
39 1
40 1
41 1
42 1

47 4
4 3
27 3
39 3
41 3
42 3
65 3
66 3
67 3
70 3
82 3
84 3
88 3
11 2
12 2
21 2
26 2
30 2
35 2
38 2
40 2
48 2
50 2
51 2
56 2
58 2
62 2
77 2
78 2
83 2
0 1
1 1
2 1
3 1
5 1
6 1
7 1
8 1
9 1
10 1
13 1
14 1
15 1
16 1
17 1
18 1
19 1
20 1
22 1
23 1
24 1
25 1
28 1
29 1
31 1
32 1
33 1
34 1
36 1
37 1
43 1
44 1
45 1
46 1
49 1
52 1
53 1
54 1
55 1
57 1
59 1
60 1
61 1
63 1
64 1
68 1

23 3
51 3
6 2
9 2
26 2
31 2
33 2
38 2
39 2
44 2
62 2
0 1
1 1
2 1
3 1
4 1
5 1
7 1
8 1
10 1
11 1
12 1
13 1
14 1
15 1

0 1
1 1
2 1
3 1
4 1
5 1
6 1
7 1
8 1
9 1
10 1
11 1
12 1
13 1
14 1
15 1
16 1
17 1
18 1
19 1
20 1
21 1
22 1
23 1
24 1
25 1
26 1
27 1
28 1
29 1
30 1
31 1
32 1
33 1
34 1
35 1
36 1
37 1
38 1
39 1
40 1
41 1
42 1
43 1
44 1
45 1
46 1
47 1
48 1
49 1
50 1
51 1
52 1
53 1
54 1
55 1
56 1
57 1
58 1
59 1
60 1
61 1
62 1
63 1
64 1
65 1
66 1
67 1
68 1
69 1
70 1
71 1
72 1
73 1
74 1
75 1

36 4
35 3
0 2
1 2
3 2
12 2
17 2
22 2
26 2
27 2
2 1
4 1
5 1
6 1
7 1
8 1

35 5
0 4
18 4
23 4
29 4
69 4
3 3
16 3
19 3
27 3
31 3
32 3
43 3
44 3
46 3
49 3
52 3
55 3
57 3
67 3
70 3
4 2
5 2
8 2
58 2
1 1

85 5
110 5
42 4
78 4
105 4
133 4
151 4
154 4
189 4
219 4
228 4
230 4
0 3
14 3
16 3
33 3
40 3
46 3
58 3
68 3
69 3
70 3
80 3
82 3
91 3
96 3
109 3
113 3
124 3
127 3
129 3
136 3
139 3
140 3
144 3
146 3
147 3
150 3
156 3
157 3
161 3
165 3
175 3
178 3
190 3
199 3
200 3
201 3
202 3
208 3
211 3
216 3
220 3
222 3
2 2
3 2
7 2
10 2
19 2
20 2
22 2
25 2
27 2
29 2
37 2
44 2
49 2
71 2
74 2
76 2
88 2
94 2
97 2
101 2
106 2
123 2
128 2
130 2
143 2
162 2
164 2
169 2
171 2
172 2
186 2
188 2
191 2
193 2
203 2
229 2
1 1
4 1
5 1
6 1
8 1
9 1
11 1
12 1
13 1
15 1
17 1
18 1
21 1
23 1
24 1
26 1
28 1
30 1
31 1
32 1
34 1
35 1
36 1
38 1
39 1
41 1
43 1
45 1
47 1
48 1
50 1
51 1
52 1
53 1
54 1
55 1
56 1
57 1
59 1
60 1
61 1
62 1
63 1
64 1
65 1
66 1
67 1
72 1
73 1
75 1
77 1
79 1
81 1
83 1
84 1
86 1
87 1
89 1
90 1
92 1
93 1
95 1
98 1
99 1
100 1
102 1
103 1
104 1
107 1
108 1
111 1
112 1
114 1
115 1
116 1
117 1
118 1
119 1
120 1
121 1
122 1
125 1
126 1
131 1
132 1
134 1
135 1
137 1
138 1
141 1
142 1
145 1
148 1
149 1
152 1
153 1
155 1
158 1
159 1
160 1
163 1
166 1
167 1
168 1
170 1
173 1
174 1
176 1
177 1
179 1
180 1
181 1
182 1
183 1
184 1
185 1

46 7
70 6
16 5
43 5
12 4
18 4
23 4
34 4
39 4
54 4
57 4
58 4
60 4
82 4
86 4
89 4
2 3
6 3
9 3
11 3
13 3
20 3
25 3
26 3
31 3
32 3
37 3
38 3
40 3
42 3
47 3
59 3
63 3
67 3
68 3
74 3
83 3
84 3
85 3
3 2
4 2
0 1
1 1
5 1
7 1
8 1
10 1
14 1
15 1
17 1
19 1
21 1
22 1
24 1
27 1
28 1
29 1
30 1
33 1
35 1
36 1
41 1
44 1
45 1
48 1
49 1
50 1
51 1
52 1
53 1
55 1
56 1
61 1
62 1
64 1
65 1
66 1
69 1
71 1
72 1
73 1
75 1

9 8
181 8
130 7
225 7
0 6
161 6
40 5
42 5
45 5
69 5
72 5
83 5
128 5
163 5
235 5
238 5
13 4
15 4
26 4
46 4
47 4
55 4
56 4
74 4
77 4
79 4
82 4
84 4
86 4
88 4
99 4
104 4
115 4
116 4
118 4
126 4
135 4
150 4
164 4
167 4
169 4
175 4
194 4
202 4
206 4
228 4
1 3
5 3
22 3
23 3
24 3
28 3
29 3
34 3
36 3
39 3
41 3
44 3
48 3
49 3
54 3
58 3
61 3
62 3
68 3
73 3
76 3
81 3
85 3
89 3
97 3
102 3
109 3
110 3
120 3
124 3
132 3
133 3
134 3
137 3
141 3
142 3
144 3
147 3
148 3
154 3
155 3
156 3
158 3
160 3
162 3
174 3
186 3
193 3
200 3
203 3
207 3
208 3
210 3
212 3
215 3
217 3
220 3
221 3
224 3
226 3
230 3
231 3
234 3
237 3
241 3
6 2
7 2
8 2
10 2
90 2
98 2
127 2
149 2
180 2
198 2
2 1
3 1
4 1
11 1
12 1
14 1
16 1
17 1
18 1
19 1
20 1
21 1
25 1
27 1
30 1
31 1
32 1
33 1
35 1
37 1
38 1
43 1
50 1
51 1
52 1
53 1
57 1
59 1
60 1
63 1
64 1
65 1
66 1
67 1
70 1
71 1
75 1
78 1
80 1
87 1
91 1
92 1
93 1
94 1
95 1
96 1
100 1
101 1
103 1
105 1
106 1
107 1
108 1
111 1
112 1
113 1
114 1
117 1
119 1
121 1
122 1
123 1
125 1
129 1

123 7
139 6
13 5
38 5
111 5
115 5
130 5
162 5
203 5
2 4
22 4
41 4
72 4
98 4
128 4
138 4
154 4
156 4
187 4
193 4
0 3
6 3
7 3
9 3
10 3
17 3
18 3
21 3
30 3
34 3
37 3
39 3
40 3
45 3
48 3
50 3
63 3
67 3
71 3
81 3
90 3
91 3
106 3
112 3
114 3
133 3
141 3
142 3
145 3
146 3
152 3
155 3
157 3
159 3
164 3
165 3
170 3
173 3
174 3
175 3
176 3
201 3
205 3
206 3
3 2
4 2
8 2
15 2
16 2
20 2
23 2
27 2
28 2
57 2
62 2
66 2
70 2
89 2
102 2
103 2
105 2
109 2
121 2
126 2
153 2
160 2
161 2
169 2
1 1
5 1
11 1
12 1
14 1
19 1
24 1
25 1
26 1
29 1
31 1
32 1
33 1
35 1
36 1
42 1
43 1
44 1
46 1
47 1
49 1
51 1
52 1
53 1
54 1
55 1
56 1
58 1
59 1
60 1
61 1
64 1
65 1
68 1
69 1
73 1
74 1
75 1
76 1
77 1
78 1
79 1
80 1
82 1
83 1
84 1
85 1
86 1
87 1
88 1
92 1
93 1
94 1
95 1
96 1
97 1
99 1
100 1
101 1
104 1
107 1
108 1
110 1
113 1
116 1
117 1
118 1
119 1
120 1
122 1
124 1
125 1
127 1
129 1
131 1
132 1
134 1
135 1
136 1
137 1
140 1
143 1
144 1
147 1
148 1
149 1
150 1
151 1
158 1
163 1
166 1
167 1
168 1
171 1
172 1
177 1
178 1
179 1
180 1
181 1
182 1
183 1
184 1
185 1
186 1
188 1
189 1
190 1
191 1
192 1
194 1
195 1
196 1

9 2
18 2
33 2
48 2
55 2
76 2
79 2
83 2
0 1

277 4
41 3
96 3
255 3
261 3
266 3
275 3
6 2
14 2
24 2
26 2
43 2
75 2
79 2
125 2
163 2
171 2
188 2
204 2
224 2
253 2
0 1
1 1
2 1
3 1
4 1
5 1
7 1
8 1
9 1
10 1
11 1
12 1
13 1
15 1
16 1
17 1
18 1
19 1
20 1
21 1
22 1
23 1
25 1
27 1
28 1
29 1
30 1
31 1
32 1
33 1
34 1
35 1
36 1
37 1
38 1
39 1
40 1
42 1
44 1
45 1
46 1
47 1
48 1
49 1
50 1
51 1
52 1
53 1
54 1
55 1
56 1
57 1
58 1
59 1
60 1
61 1
62 1
63 1
64 1
65 1
66 1
67 1
68 1
69 1
70 1
71 1
72 1
73 1
74 1
76 1
77 1
78 1
80 1
81 1
82 1
83 1
84 1
85 1
86 1
87 1
88 1
89 1
90 1
91 1
92 1
93 1
94 1
95 1
97 1
98 1
99 1
100 1
101 1
102 1
103 1
104 1
105 1
106 1
107 1
108 1
109 1
110 1
111 1
112 1
113 1
114 1
115 1
116 1
117 1
118 1
119 1
120 1
121 1
122 1
123 1
124 1
126 1
127 1
128 1
129 1
130 1
131 1
132 1
133 1
134 1
135 1
136 1
137 1
138 1
139 1
140 1
141 1
142 1
143 1
144 1
145 1
146 1
147 1
148 1
149 1
150 1
151 1
152 1
153 1
154 1
155 1
156 1
157 1
158 1
159 1
160 1
161 1
162 1
164 1
165 1
166 1
167 1
168 1
169 1
170 1
172 1
173 1
174 1
175 1
176 1
177 1
178 1
179 1
180 1
181 1
182 1
183 1
184 1
185 1
186 1
187 1
189 1
190 1
191 1
192 1
193 1
194 1
195 1
196 1
197 1
198 1
199 1
200 1
201 1
202 1
203 1
205 1
206 1
207 1
208 1
209 1
210 1
211 1
212 1
213 1
214 1
215 1
216 1
217 1
218 1
219 1
220 1
221 1
222 1
223 1

67 3
12 2
52 2
63 2
64 2
69 2
71 2
0 1
1 1
2 1
3 1
4 1
5 1
6 1
7 1
8 1
9 1
10 1
11 1

7 3
135 3
2 2
8 2
21 2
28 2
62 2

32 2
63 2
0 1
1 1
2 1
3 1
4 1
5 1
6 1
7 1
8 1
9 1
10 1
11 1
12 1
13 1
14 1

43 7
144 6
216 6
0 5
44 5
79 5
107 5
121 5
131 5
152 5
157 5
160 5
183 5
190 5
205 5
3 4
33 4
50 4
53 4
65 4
72 4
109 4
117 4
118 4
120 4
137 4
149 4
154 4
169 4
175 4
192 4
220 4
10 3
13 3
21 3
34 3
37 3
48 3
55 3
56 3
58 3
63 3
67 3
73 3
75 3
76 3
80 3
86 3
87 3
101 3
103 3
106 3
108 3
110 3
115 3
116 3
122 3
136 3
139 3
141 3
147 3
153 3
155 3
158 3
162 3
171 3
172 3
177 3
186 3
187 3
188 3
191 3
196 3
198 3
200 3
204 3
208 3
210 3
212 3
226 3
229 3
231 3
237 3
239 3
2 2
6 2
7 2
8 2
19 2
35 2
64 2
94 2
100 2
140 2
161 2
168 2
170 2
176 2
179 2
194 2
219 2
1 1
4 1
5 1
9 1
11 1
12 1
14 1
15 1
16 1
17 1
18 1
20 1
22 1
23 1
24 1
25 1
26 1
27 1
28 1
29 1
30 1
31 1
32 1
36 1
38 1
39 1
40 1
41 1
42 1
45 1
46 1
47 1
49 1
51 1
52 1
54 1
57 1
59 1
60 1
61 1
62 1
66 1
68 1
69 1
70 1
71 1
74 1
77 1

45 4
59 4
82 4
83 4
108 4
3 3
15 3
16 3
28 3
37 3
57 3
61 3
73 3
86 3
88 3
123 3
127 3
130 3
132 3
137 3
161 3
171 3
176 3
177 3
183 3
184 3
1 2
4 2
7 2
13 2
18 2
21 2
23 2
31 2
34 2
35 2
39 2
47 2
65 2
69 2
78 2
79 2
85 2
87 2
94 2
100 2
109 2
114 2
120 2
122 2
131 2
156 2
164 2
166 2
0 1
2 1
5 1
6 1
8 1
9 1
10 1
11 1
12 1
14 1
17 1
19 1
20 1
22 1
24 1
25 1
26 1
27 1
29 1
30 1
32 1
33 1
36 1
38 1
40 1
41 1
42 1
43 1
44 1
46 1
48 1
49 1
50 1
51 1
52 1
53 1
54 1
55 1
56 1
58 1
60 1
62 1
63 1
64 1
66 1
67 1
68 1
70 1
71 1
72 1
74 1
75 1
76 1
77 1
80 1
81 1
84 1
89 1
90 1
91 1
92 1
93 1
95 1
96 1
97 1
98 1
99 1
101 1
102 1
103 1
104 1

80 6
170 6
214 6
26 5
44 5
89 5
204 5
220 5
260 5
72 4
82 4
85 4
94 4
110 4
158 4
163 4
164 4
179 4
194 4
206 4
239 4
0 3
19 3
58 3
65 3
66 3
69 3
81 3
90 3
91 3
97 3
123 3
124 3
125 3
126 3
131 3
134 3
135 3
145 3
148 3
149 3
157 3
159 3
169 3
175 3
184 3
187 3
192 3
207 3
221 3
224 3
227 3
228 3
230 3
240 3
242 3
247 3
252 3
254 3

11 3
19 3
5 2
7 2
0 1
1 1
2 1
3 1
4 1
6 1
8 1
9 1
10 1
12 1
13 1
14 1
15 1
16 1
17 1
18 1
20 1
21 1
22 1
23 1
24 1
25 1
26 1

126 3
144 3
158 3
24 2
28 2
34 2
42 2
44 2
47 2
54 2
67 2
75 2
77 2
86 2
94 2
102 2
115 2
117 2
122 2
124 2
125 2
132 2
134 2
146 2
170 2
0 1

105 7
106 6
77 5
145 5
164 5
190 5
14 4
35 4
37 4
68 4
94 4
98 4
107 4
112 4
126 4
135 4
152 4
162 4
182 4
201 4
205 4
209 4
0 3
22 3
29 3
39 3
43 3
48 3
51 3
60 3
61 3
63 3
71 3
72 3
90 3
97 3
102 3
104 3
110 3
113 3
122 3
124 3
125 3
129 3
130 3
132 3
137 3
138 3
140 3
142 3
154 3
156 3
161 3
165 3
167 3
173 3
176 3
183 3
189 3
195 3
198 3
206 3
208 3
1 2
2 2
12 2
15 2
19 2
23 2
31 2
52 2
53 2
65 2
116 2
119 2
127 2
148 2
203 2
211 2
3 1
4 1
5 1
6 1
7 1
8 1
9 1
10 1
11 1
13 1
16 1
17 1
18 1
20 1
21 1
24 1
25 1
26 1
27 1
28 1
30 1
32 1
33 1
34 1
36 1
38 1
40 1
41 1
42 1
44 1
45 1
46 1
47 1
49 1
50 1
54 1
55 1
56 1
57 1
58 1
59 1
62 1
64 1
66 1
67 1
69 1
70 1
73 1
74 1
75 1
76 1
78 1
79 1
80 1
81 1
82 1
83 1
84 1
85 1
86 1
87 1
88 1
89 1
91 1
92 1
93 1
95 1
96 1
99 1
100 1
101 1
103 1
108 1
109 1
111 1
114 1
115 1
117 1
118 1
120 1
121 1
123 1
128 1
131 1
133 1
134 1
136 1

0 3
24 3
33 3
12 2
17 2
19 2
28 2
40 2
42 2
44 2
1 1
2 1
3 1
4 1
5 1
6 1
7 1
8 1
9 1
10 1
11 1
13 1
14 1
15 1
16 1
18 1
20 1
21 1

0 3
16 3
18 3
20 3
5 2

5 2
15 2
43 2
45 2
48 2
58 2
63 2
80 2
94 2
104 2
108 2
157 2
166 2
0 1
1 1
2 1
3 1
4 1
6 1
7 1
8 1
9 1
10 1
11 1
12 1
13 1
14 1
16 1
17 1
18 1
19 1
20 1
21 1
22 1
23 1
24 1
25 1
26 1
27 1
28 1
29 1
30 1
31 1
32 1
33 1
34 1
35 1
36 1
37 1
38 1
39 1

228 5
71 4
91 4
95 4
134 4
168 4
252 4
43 3
62 3
82 3
105 3
150 3
159 3
172 3
184 3
199 3
213 3
214 3
231 3
234 3
243 3
260 3
275 3
277 3
5 2
7 2
15 2
17 2
23 2
26 2
34 2
35 2
39 2
46 2
47 2
48 2
54 2
59 2
61 2
66 2
69 2
76 2
86 2
96 2
97 2
108 2
113 2
118 2
123 2
124 2
125 2
129 2
136 2
141 2
144 2
149 2
155 2
160 2
173 2
180 2
201 2
204 2
233 2
235 2
242 2
250 2
255 2
265 2
270 2
0 1
1 1
2 1
3 1
4 1
6 1
8 1
9 1
10 1
11 1
12 1
13 1
14 1
16 1
18 1
19 1
20 1
21 1
22 1
24 1
25 1
27 1
28 1
29 1
30 1
31 1
32 1
33 1
36 1
37 1
38 1
40 1
41 1
42 1
44 1
45 1
49 1
50 1
51 1
52 1
53 1
55 1
56 1
57 1
58 1
60 1
63 1
64 1
65 1
67 1
68 1
70 1
72 1
73 1
74 1
75 1
77 1
78 1
79 1
80 1
81 1
83 1
84 1
85 1
87 1
88 1
89 1
90 1
92 1
93 1
94 1
98 1
99 1
100 1
101 1
102 1
103 1
104 1
106 1
107 1
109 1
110 1

39 4
47 3
0 2
4 2
5 2
7 2
17 2
18 2
23 2
41 2
50 2
51 2
1 1
2 1
3 1

93 4
200 4
91 3
174 3
195 3
197 3
224 3
5 2
24 2
43 2
55 2
67 2
81 2
82 2
101 2
103 2
106 2
107 2
125 2
170 2
181 2
190 2
227 2
0 1
1 1
2 1
3 1
4 1
6 1
7 1
8 1
9 1
10 1
11 1
12 1
13 1

0 4
18 3
4 2
5 2
8 2
24 2
28 2
31 2
32 2
39 2
55 2
66 2
1 1
2 1
3 1
6 1
7 1
9 1
10 1
11 1
12 1
13 1
14 1
15 1
16 1
17 1
19 1
20 1
21 1
22 1
23 1
25 1
26 1
27 1
29 1
30 1
33 1
34 1
35 1
36 1
37 1
38 1
40 1
41 1
42 1
43 1
44 1
45 1
46 1
47 1
48 1
49 1
50 1
51 1
52 1
53 1
54 1
56 1
57 1
58 1
59 1
60 1
61 1
62 1
63 1
64 1
65 1

119 5
91 4
103 4
112 4
144 4
9 3
15 3
21 3
47 3
62 3
66 3
67 3
69 3
71 3
78 3
90 3
97 3
100 3
106 3
108 3
110 3
123 3
131 3
132 3
134 3
140 3
150 3
0 2
1 2
6 2
22 2
23 2
25 2
26 2
28 2
32 2
34 2
40 2
41 2
52 2
55 2
57 2
63 2
80 2
82 2
89 2
107 2
121 2
133 2
137 2
142 2
143 2
2 1
3 1
4 1
5 1
7 1
8 1
10 1
11 1
12 1
13 1
14 1
16 1
17 1
18 1
19 1
20 1
24 1
27 1
29 1
30 1
31 1
33 1
35 1
36 1
37 1
38 1
39 1
42 1
43 1
44 1
45 1
46 1
48 1
49 1
50 1
51 1
53 1
54 1
56 1
58 1
59 1
60 1
61 1
64 1
65 1
68 1
70 1
72 1
73 1
74 1
75 1
76 1
77 1
79 1
81 1
83 1
84 1
85 1
86 1
87 1
88 1
92 1
93 1

55 3
81 3
3 2
6 2
13 2
34 2
35 2
40 2
49 2
54 2
60 2
63 2
83 2
85 2
0 1
1 1
2 1
4 1
5 1
7 1
8 1
9 1
10 1
11 1
12 1
14 1
15 1
16 1
17 1
18 1
19 1

3 2
52 2
0 1
1 1
2 1
4 1
5 1
6 1
7 1
8 1
9 1
10 1
11 1
12 1
13 1
14 1
15 1
16 1
17 1
18 1
19 1
20 1
21 1
22 1
23 1
24 1
25 1
26 1
27 1
28 1
29 1
30 1
31 1
32 1
33 1
34 1
35 1
36 1
37 1
38 1
39 1
40 1
41 1
42 1
43 1
44 1
45 1
46 1
47 1
48 1
49 1
50 1
51 1
53 1
54 1
55 1
56 1
57 1
58 1

186 4
68 3
121 3
142 3
158 3
167 3
173 3
222 3
223 3
10 2
11 2
15 2
20 2
21 2
30 2
31 2
32 2
42 2
49 2
62 2
69 2
85 2
92 2
116 2
120 2
131 2
149 2
153 2
159 2
163 2
175 2
194 2
220 2
225 2
0 1
1 1
2 1
3 1
4 1
5 1
6 1
7 1
8 1
9 1
12 1
13 1
14 1
16 1
17 1
18 1
19 1
22 1
23 1
24 1
25 1
26 1
27 1
28 1
29 1
33 1
34 1
35 1
36 1
37 1
38 1
39 1
40 1
41 1
43 1
44 1
45 1
46 1
47 1
48 1
50 1
51 1
52 1
53 1
54 1
55 1
56 1
57 1
58 1
59 1
60 1
61 1
63 1
64 1
65 1
66 1
67 1
70 1
71 1
72 1
73 1
74 1
75 1
76 1
77 1
78 1
79 1
80 1
81 1
82 1
83 1
84 1
86 1
87 1
88 1
89 1
90 1
91 1
93 1
94 1
95 1
96 1
97 1
98 1
99 1
100 1
101 1
102 1
103 1
104 1
105 1
106 1
107 1
108 1
109 1
110 1
111 1
112 1
113 1
114 1
115 1
117 1
118 1
119 1
122 1
123 1
124 1
125 1
126 1
127 1
128 1
129 1
130 1
132 1
133 1
134 1
135 1
136 1
137 1
138 1
139 1
140 1
141 1
143 1
144 1
145 1
146 1
147 1
148 1
150 1
151 1
152 1
154 1
155 1
156 1
157 1
160 1
161 1
162 1
164 1
165 1
166 1
168 1
169 1
170 1
171 1
172 1
174 1
176 1
177 1

171 4
173 4
3 3
9 3
44 3
87 3
111 3
117 3
128 3
129 3
152 3
167 3
172 3
2 2
5 2
7 2
8 2
12 2
16 2
17 2
19 2
27 2
45 2
47 2
53 2
58 2
59 2
60 2
64 2
79 2
81 2
84 2
90 2
91 2
102 2
103 2
105 2
131 2
135 2
144 2
154 2
184 2
191 2
0 1
1 1
4 1
6 1
10 1
11 1
13 1
14 1
15 1
18 1
20 1
21 1
22 1
23 1
24 1
25 1
26 1
28 1
29 1
30 1
31 1
32 1
33 1
34 1
35 1
36 1
37 1
38 1
39 1
40 1
41 1
42 1
43 1
46 1
48 1
49 1
50 1
51 1
52 1
54 1
55 1
56 1
57 1
61 1
62 1
63 1
65 1
66 1
67 1
68 1
69 1

9 2
17 2
27 2
66 2
77 2
78 2
96 2

1 2
0 1
2 1
3 1

40 6
61 6
125 6
147 6
38 5
58 5
68 5
145 5
179 5
183 5
194 5
66 4
67 4
70 4
79 4
91 4
116 4
144 4
146 4
155 4
159 4
162 4
176 4
177 4
186 4
199 4
4 3
10 3
11 3
19 3
24 3
33 3
42 3
52 3
55 3
56 3
57 3
59 3
60 3
62 3
65 3
71 3
75 3
77 3
81 3
83 3
89 3
92 3
93 3
100 3
104 3
105 3
108 3
109 3
110 3
112 3
118 3
122 3
123 3
128 3
140 3
152 3
156 3
157 3
163 3
168 3
169 3
170 3
172 3
173 3
174 3
175 3
178 3
188 3
191 3
192 3
193 3
202 3
210 3
212 3
214 3
215 3
0 2
1 2
2 2
6 2
7 2
16 2
18 2
20 2
27 2
35 2
36 2
48 2
53 2
63 2
64 2
78 2
102 2
119 2
154 2
208 2
3 1
5 1
8 1
9 1
12 1
13 1
14 1
15 1
17 1
21 1
22 1
23 1
25 1
26 1
28 1
29 1
30 1
31 1
32 1
34 1
37 1
39 1
41 1
43 1
44 1
45 1
46 1
47 1
49 1
50 1
51 1
54 1
69 1
72 1
73 1
74 1
76 1
80 1
82 1
84 1
85 1
86 1
87 1
88 1
90 1
94 1
95 1
96 1
97 1
98 1
99 1
101 1
103 1
106 1
107 1
111 1
113 1
114 1
115 1
117 1
120 1
121 1
124 1
126 1
127 1
129 1
130 1
131 1
132 1
133 1
134 1
135 1
136 1
137 1
138 1
139 1
141 1
142 1
143 1
148 1
149 1
150 1
151 1
153 1
158 1
160 1
161 1
164 1
165 1
166 1
167 1
171 1
180 1
181 1
182 1

44 5
88 5
64 4
80 4
108 4
125 4
6 3
54 3
65 3
66 3
76 3
77 3
83 3
89 3
96 3
97 3
98 3
99 3
117 3
124 3
129 3
134 3
137 3
140 3
141 3
143 3
0 2
2 2
3 2
5 2
7 2
8 2
9 2
14 2
16 2
27 2
36 2
38 2
39 2
41 2
45 2
57 2
69 2
70 2
71 2
79 2
92 2
94 2
105 2
113 2
126 2
142 2
146 2
1 1
4 1
10 1
11 1
12 1
13 1
15 1
17 1
18 1
19 1
20 1
21 1
22 1
23 1
24 1
25 1
26 1
28 1
29 1
30 1
31 1
32 1
33 1
34 1
35 1
37 1
40 1
42 1
43 1
46 1
47 1
48 1
49 1
50 1
51 1
52 1
53 1
55 1
56 1
58 1
59 1
60 1
61 1
62 1
63 1
67 1
68 1
72 1
73 1
74 1
75 1
78 1
81 1
82 1

29 4
0 3
11 3
16 3
30 3
3 2
8 2
10 2
18 2
23 2
28 2
34 2
37 2
41 2
1 1
2 1
4 1
5 1
6 1
7 1
9 1
12 1
13 1
14 1
15 1
17 1

240 6
34 5
111 5
209 5
210 5
3 4
15 4
21 4
39 4
51 4
78 4
121 4
188 4
220 4
223 4
232 4
234 4
236 4
29 3
33 3
46 3
57 3
58 3
64 3
71 3
72 3
74 3
86 3
89 3
90 3
101 3
103 3
105 3
110 3
116 3
124 3
130 3
132 3
140 3
141 3
142 3
152 3
153 3
162 3
163 3
168 3
169 3
171 3
172 3
173 3
176 3
177 3
179 3
180 3
186 3
187 3
196 3
199 3
201 3
203 3
206 3
208 3
213 3
214 3
217 3
219 3
230 3
233 3
235 3
237 3
0 2
1 2
2 2
7 2
8 2
9 2
13 2
14 2
19 2
22 2
24 2
27 2
32 2
42 2
45 2
69 2
73 2
104 2
117 2
134 2
137 2
155 2
165 2
222 2
226 2
227 2
4 1
5 1
6 1

15 3
28 3
30 3
34 3
1 2
2 2
7 2
14 2
16 2
19 2
26 2
40 2
0 1
3 1
4 1
5 1
6 1

14 3
0 2
1 2
5 2
2 1
3 1
4 1
6 1
7 1
8 1
9 1
10 1
11 1
12 1
13 1
15 1

44 2
47 2
70 2
71 2
121 2
155 2
185 2
186 2
256 2
0 1
1 1
2 1
3 1
4 1
5 1
6 1
7 1
8 1
9 1
10 1
11 1
12 1
13 1
14 1
15 1
16 1
17 1
18 1
19 1
20 1
21 1
22 1
23 1
24 1
25 1
26 1
27 1
28 1
29 1
30 1
31 1
32 1
33 1
34 1
35 1
36 1
37 1
38 1
39 1
40 1
41 1
42 1
43 1
45 1
46 1
48 1
49 1
50 1
51 1
52 1
53 1
54 1
55 1
56 1
57 1
58 1
59 1
60 1
61 1
62 1
63 1
64 1
65 1
66 1
67 1
68 1
69 1
72 1
73 1
74 1
75 1
76 1
77 1
78 1
79 1
80 1
81 1
82 1
83 1
84 1
85 1
86 1
87 1
88 1
89 1
90 1
91 1
92 1
93 1
94 1
95 1
96 1
97 1
98 1
99 1
100 1
101 1
102 1
103 1
104 1
105 1
106 1
107 1
108 1
109 1
110 1
111 1

6 5
30 4
43 4
71 4
78 4
108 4
150 4
166 4
167 4
170 4
0 3
1 3
28 3
34 3
55 3
56 3
70 3
74 3
88 3
91 3
95 3
104 3
115 3
130 3
152 3
153 3
158 3
163 3
175 3
176 3
182 3
194 3
201 3
203 3
205 3
209 3
213 3
215 3
2 2
3 2
4 2
7 2
12 2
13 2
31 2
38 2
39 2
41 2
42 2
45 2
52 2
54 2
60 2
110 2
111 2
116 2
131 2
134 2
148 2
157 2
178 2
181 2
184 2
187 2
200 2
212 2
214 2
5 1
8 1
9 1
10 1
11 1
14 1
15 1
16 1
17 1
18 1
19 1
20 1
21 1
22 1
23 1
24 1
25 1
26 1
27 1
29 1
32 1
33 1
35 1
36 1
37 1
40 1
44 1
46 1
47 1
48 1
49 1
50 1
51 1
53 1
57 1
58 1
59 1
61 1
62 1
63 1
64 1
65 1
66 1
67 1
68 1
69 1
72 1
73 1
75 1
76 1
77 1
79 1
80 1
81 1
82 1
83 1
84 1
85 1
86 1
87 1
89 1
90 1
92 1
93 1
94 1
96 1
97 1
98 1
99 1
100 1
101 1
102 1
103 1
105 1
106 1
107 1
109 1
112 1
113 1
114 1
117 1
118 1
119 1
120 1
121 1
122 1
123 1
124 1
125 1
126 1
127 1
128 1

17 4
4 3
9 3
14 3

57 5
20 4
61 4
63 4
4 3
9 3
12 3
15 3
16 3
25 3
30 3
31 3
39 3
44 3
49 3
51 3
62 3
64 3
6 2
8 2
19 2
32 2
41 2
47 2
55 2
67 2
0 1
1 1
2 1
3 1
5 1
7 1
10 1
11 1
13 1
14 1
17 1
18 1
21 1
22 1
23 1
24 1
26 1
27 1
28 1
29 1
33 1
34 1
35 1
36 1

0 1
1 1
2 1
3 1
4 1
5 1
6 1
7 1
8 1
9 1
10 1

35 4
51 4
161 4
173 4
187 4
192 4
201 4
2 3
8 3
18 3
40 3
45 3
59 3
61 3
66 3
76 3

152 3
169 3
179 3
1 2
9 2
10 2
21 2
34 2
47 2
50 2
54 2
58 2
59 2
60 2
70 2
76 2
78 2
80 2
85 2
115 2
118 2
123 2
124 2
167 2
173 2
181 2
185 2
188 2
199 2
203 2
204 2
206 2
0 1
2 1
3 1
4 1
5 1
6 1
7 1
8 1
11 1
12 1
13 1
14 1
15 1
16 1
17 1
18 1
19 1
20 1
22 1
23 1
24 1
25 1
26 1
27 1
28 1
29 1
30 1
31 1
32 1
33 1
35 1
36 1
37 1
38 1
39 1
40 1
41 1
42 1
43 1
44 1
45 1
46 1
48 1
49 1
51 1
52 1
53 1
55 1
56 1
57 1
61 1
62 1
63 1
64 1
65 1
66 1
67 1
68 1
69 1
71 1
72 1
73 1
74 1
75 1
77 1
79 1
81 1
82 1
83 1
84 1
86 1
87 1
88 1
89 1
90 1
91 1
92 1
93 1
94 1
95 1
96 1
97 1
98 1
99 1
100 1
101 1
102 1
103 1
104 1
105 1
106 1
107 1
108 1
109 1
110 1
111 1
112 1
113 1
114 1
116 1
117 1
119 1
120 1
121 1
122 1
125 1
126 1
127 1
128 1
129 1
130 1
131 1
132 1
133 1
134 1
135 1
136 1
137 1
138 1
139 1
140 1
141 1
142 1
143 1
144 1
145 1
146 1
147 1
148 1
149 1
150 1
151 1
153 1
154 1
155 1
156 1
157 1
158 1
159 1

24 4
45 4
46 4
8 3
9 3
12 3
33 3
34 3
35 3
38 3
39 3
42 3
58 3
59 3
0 2
2 2
4 2
6 2
13 2
16 2
17 2
37 2
44 2
56 2
57 2
1 1
3 1
5 1
7 1
10 1
11 1
14 1
15 1
18 1
19 1
20 1
21 1
22 1
23 1
25 1
26 1
27 1
28 1
29 1
30 1

0 3
1 3
2 1

0 3
15 3
16 3
9 2

28 4
49 4
15 3
60 3
77 3
79 3
84 3
87 3
5 2
6 2
18 2
22 2
31 2
34 2
41 2
43 2
47 2
50 2
64 2
70 2
71 2
0 1
1 1
2 1
3 1
4 1
7 1
8 1
9 1
10 1
11 1
12 1
13 1
14 1
16 1
17 1
19 1
20 1
21 1
23 1
24 1
25 1
26 1
27 1
29 1
30 1
32 1
33 1
35 1
36 1
37 1
38 1
39 1
40 1
42 1
44 1
45 1
46 1
48 1
51 1
52 1
53 1
54 1
55 1
56 1
57 1
58 1
59 1
61 1
62 1
63 1
65 1
66 1
67 1
68 1
69 1
72 1
73 1
74 1
75 1
76 1
78 1
80 1
81 1

6 3
50 3
54 3
61 3
69 3
120 3
7 2
8 2
21 2
23 2
40 2
41 2
43 2
58 2
70 2
77 2
90 2
99 2
113 2
0 1
1 1
2 1
3 1
4 1
5 1
9 1
10 1
11 1
12 1
13 1
14 1
15 1
16 1
17 1
18 1
19 1
20 1
22 1
24 1
25 1
26 1
27 1
28 1
29 1
30 1
31 1
32 1
33 1
34 1
35 1
36 1
37 1
38 1
39 1
42 1
44 1
45 1
46 1
47 1
48 1
49 1
51 1
52 1
53 1
55 1
56 1
57 1
59 1
60 1
62 1
63 1
64 1
65 1
66 1
67 1
68 1
71 1
72 1
73 1
74 1
75 1
76 1
78 1
79 1
80 1
81 1
82 1
83 1
84 1
85 1
86 1
87 1
88 1
89 1
91 1
92 1
93 1
94 1
95 1
96 1
97 1
98 1
100 1
101 1
102 1
103 1
104 1
105 1
106 1
107 1
108 1
109 1
110 1
111 1
112 1

51 6
71 6
83 6
9 5
17 5
23 5
27 5
29 5
38 5
93 5
1 4
6 4
22 4
34 4
54 4
63 4
92 4
3 3
11 3
32 3
45 3
48 3
53 3
62 3
66 3
68 3
72 3
73 3
77 3
78 3

1 5
25 5
80 5
82 5
95 5
158 5
8 4
33 4
39 4
57 4
79 4
94 4
98 4
100 4
105 4
107 4
109 4
128 4
132 4
140 4
145 4
146 4
149 4
4 3

114 3
117 3
121 3
33 2
37 2
56 2
75 2
81 2
0 1
1 1
2 1
3 1
4 1
5 1
6 1
7 1
8 1
9 1
10 1
11 1
12 1
13 1
14 1
15 1
16 1
17 1
18 1
19 1
20 1
21 1
22 1
23 1
24 1
25 1
26 1
27 1
28 1
29 1
30 1
31 1
32 1
34 1
35 1
36 1
38 1
39 1
40 1
41 1
42 1
43 1
44 1
45 1
46 1
47 1
48 1
49 1
50 1
51 1
52 1
53 1
54 1
55 1

55 2
68 2
81 2
0 1
1 1
2 1
3 1
4 1
5 1
6 1
7 1
8 1
9 1
10 1
11 1
12 1
13 1
14 1
15 1
16 1
17 1
18 1
19 1
20 1
21 1
22 1
23 1
24 1
25 1
26 1
27 1
28 1
29 1
30 1
31 1
32 1
33 1
34 1
35 1
36 1
37 1
38 1
39 1
40 1
41 1
42 1
43 1
44 1
45 1
46 1

4 5
77 5
123 5
177 5
197 5
233 5
283 5
75 4
83 4
102 4
104 4
121 4
125 4
138 4
162 4
183 4
218 4
234 4
245 4
259 4
260 4
0 3
12 3
15 3
26 3
35 3
36 3
39 3
40 3
41 3
63 3
71 3
80 3
82 3
86 3
87 3
92 3
93 3
94 3
110 3
111 3
119 3
120 3
126 3
128 3
133 3
134 3
141 3
149 3
150 3
152 3
161 3
173 3
178 3
181 3
186 3
187 3
194 3
199 3
200 3
202 3
203 3
207 3
238 3
240 3
241 3
246 3
256 3
258 3
265 3
270 3
271 3
275 3
278 3
281 3
284 3
286 3
7 2
10 2
14 2
18 2
21 2
22 2
29 2
30 2
32 2

11 5
49 4
32 3
53 3
60 3
61 3
63 3
64 3
66 3
8 2
9 2
10 2
12 2
13 2
17 2
18 2
20 2
37 2
48 2
67 2
68 2
0 1
1 1
2 1
3 1
4 1

203 3
10 2
13 2
16 2
43 2
93 2
114 2
143 2
156 2
173 2
187 2
189 2
209 2
216 2
235 2
0 1
1 1
2 1
3 1
4 1
5 1
6 1
7 1
8 1
9 1
11 1
12 1
14 1
15 1
17 1
18 1
19 1
20 1
21 1
22 1
23 1
24 1
25 1
26 1

14 3
30 3
64 3
68 3
78 3
213 3
215 3
231 3
245 3
253 3
0 2
2 2
5 2
19 2
21 2
28 2
39 2
73 2
83 2
91 2
95 2
98 2
99 2
106 2
111 2
114 2
122 2
132 2
134 2
144 2
146 2
149 2
151 2
154 2
156 2
159 2
162 2
169 2
171 2
175 2
177 2
180 2
181 2
182 2
190 2
203 2
216 2
230 2
258 2
262 2
271 2
276 2
1 1
3 1
4 1
6 1
7 1
8 1
9 1
10 1
11 1
12 1
13 1
15 1
16 1
17 1
18 1
20 1
22 1
23 1
24 1
25 1
26 1
27 1
29 1
31 1
32 1
33 1
34 1
35 1
36 1
37 1
38 1
40 1
41 1
42 1
43 1
44 1
45 1
46 1
47 1
48 1
49 1
50 1
51 1
52 1
53 1
54 1
55 1
56 1
57 1
58 1
59 1
60 1
61 1
62 1
63 1
65 1
66 1
67 1
69 1
70 1
71 1
72 1
74 1
75 1
76 1
77 1
79 1
80 1
81 1
82 1
84 1
85 1
86 1
87 1
88 1
89 1
90 1
92 1
93 1
94 1
96 1
97 1
100 1
101 1
102 1
103 1
104 1
105 1
107 1
108 1
109 1
110 1
112 1
113 1
115 1
116 1
117 1
118 1
119 1
120 1
121 1
123 1
124 1
125 1
126 1
127 1
128 1
129 1
130 1
131 1
133 1
135 1
136 1
137 1
138 1
139 1
140 1
141 1
142 1
143 1

82 3
154 3
157 3
214 3
230 3
239 3
2 2
7 2
12 2
32 2
41 2
54 2
57 2
58 2
60 2
64 2
87 2
92 2
106 2
110 2
112 2
116 2
127 2
131 2
142 2
145 2
147 2
148 2
151 2
152 2
161 2
176 2
177 2
179 2
183 2
184 2
188 2
192 2
195 2
197 2
202 2
206 2
216 2
224 2
225 2
238 2
243 2
0 1
1 1
3 1
4 1
5 1
6 1
8 1
9 1
10 1
11 1
13 1
14 1
15 1
16 1
17 1
18 1
19 1
20 1
21 1
22 1
23 1
24 1
25 1
26 1
27 1
28 1
29 1
30 1
31 1
33 1
34 1

122 4
166 4
203 4
237 4
3 3
80 3
86 3
102 3
138 3
174 3
199 3
210 3
218 3
219 3
232 3
233 3
241 3
247 3
7 2
12 2
22 2
29 2
31 2
36 2
45 2
48 2
56 2
61 2
67 2
68 2
70 2
81 2
91 2
97 2
98 2
100 2
103 2
105 2
107 2
117 2
119 2
123 2
126 2
127 2
132 2
141 2
172 2
176 2
189 2
200 2
208 2
224 2
227 2
243 2
244 2
251 2
0 1
1 1
2 1
4 1
5 1
6 1
8 1
9 1
10 1
11 1
13 1
14 1
15 1
16 1
17 1
18 1
19 1
20 1
21 1
23 1
24 1
25 1
26 1
27 1
28 1
30 1
32 1
33 1
34 1
35 1
37 1
38 1
39 1
40 1
41 1
42 1
43 1
44 1
46 1
47 1
49 1
50 1
51 1
52 1
53 1
54 1
55 1
57 1
58 1
59 1
60 1
62 1
63 1
64 1
65 1
66 1
69 1
71 1
72 1
73 1
74 1
75 1
76 1
77 1
78 1
79 1
82 1
83 1
84 1
85 1
87 1
88 1
89 1
90 1
92 1
93 1
94 1
95 1
96 1
99 1
101 1
104 1
106 1
108 1
109 1
110 1
111 1
112 1
113 1
114 1
115 1
116 1
118 1
120 1
121 1
124 1
125 1
128 1
129 1
130 1
131 1
133 1
134 1
135 1
136 1
137 1
139 1
140 1
142 1
143 1
144 1
145 1
146 1
147 1
148 1
149 1
150 1
151 1
152 1
153 1
154 1
155 1
156 1
157 1
158 1
159 1
160 1
161 1
162 1
163 1
164 1
165 1
167 1
168 1
169 1
170 1
171 1
173 1
175 1
177 1
178 1
179 1
180 1
181 1
182 1
183 1
184 1
185 1
186 1
187 1
188 1
190 1
191 1
192 1
193 1
194 1
195 1
196 1
197 1
198 1
201 1
202 1
204 1

26 6
60 6
20 5
108 5
132 5
195 5
198 5
50 4
63 4
71 4
80 4

0 9
54 8
11 7
10 6
33 6
100 6
119 6
138 6
156 6
168 6
40 5
61 5
71 5
76 5
85 5
88 5
96 5
110 5
120 5
143 5
150 5
1 4
8 4
13 4
42 4
47 4
48 4
53 4
55 4
57 4
58 4
59 4
64 4
75 4
82 4
84 4
86 4
93 4
97 4
99 4
104 4
111 4
123 4
128 4
145 4
157 4
159 4
163 4
167 4
12 3
14 3
15 3
22 3
36 3
39 3
41 3
46 3
49 3
50 3
60 3
62 3
65 3
70 3
78 3
89 3
92 3
113 3
116 3
118 3
124 3
125 3
137 3
151 3
152 3
153 3
154 3
158 3
160 3
161 3
162 3
164 3
166 3
170 3
171 3
172 3
2 1
3 1
4 1
5 1
6 1
7 1
9 1
16 1
17 1
18 1
19 1
20 1
21 1
23 1
24 1
25 1
26 1
27 1
28 1
29 1
30 1
31 1
32 1
34 1
35 1
37 1
38 1
43 1
44 1
45 1
51 1
52 1
56 1
63 1
66 1
67 1
68 1
69 1
72 1
73 1
74 1
77 1
79 1
80 1
81 1
83 1
87 1
90 1
91 1
94 1
95 1
98 1
101 1
102 1
103 1
105 1
106 1
107 1
108 1
109 1
112 1
114 1
115 1
117 1
121 1
122 1
126 1
127 1
129 1
130 1
131 1
132 1
133 1
134 1
135 1
136 1
139 1
140 1
141 1
142 1
144 1
146 1
147 1

0 6
17 6
99 6
75 5
96 5
18 4
31 4
40 4
42 4
48 4
70 4
89 4
93 4
97 4
113 4
135 4
144 4
167 4
185 4

0 4
3 4
10 4
92 4
142 4
245 4
265 4
18 3
55 3
118 3
141 3
150 3
154 3
155 3
161 3
169 3
174 3
175 3
177 3
192 3
205 3
212 3
215 3
222 3
227 3
228 3
247 3
259 3
263 3
270 3
274 3
281 3
282 3
4 2
7 2
12 2
13 2
21 2
23 2
26 2
30 2
34 2
38 2
40 2
42 2
47 2
54 2
59 2
62 2
64 2
69 2
84 2
91 2
98 2
101 2
103 2
107 2
109 2
114 2
119 2
121 2
127 2
134 2
136 2
162 2
168 2
183 2
187 2
190 2
191 2
193 2
195 2
201 2
219 2
223 2
234 2
236 2
241 2
246 2
254 2
256 2
258 2
266 2
275 2
1 1
2 1
5 1
6 1
8 1
9 1
11 1
14 1
15 1
16 1
17 1
19 1
20 1
22 1
24 1
25 1
27 1
28 1
29 1
31 1
32 1
33 1
35 1
36 1
37 1
39 1
41 1
43 1
44 1
45 1
46 1
48 1
49 1
50 1
51 1
52 1
53 1
56 1
57 1
58 1
60 1
61 1
63 1
65 1
66 1
67 1
68 1
70 1
71 1
72 1
73 1
74 1
75 1
76 1
77 1
78 1
79 1
80 1
81 1
82 1
83 1
85 1
86 1
87 1
88 1
89 1
90 1
93 1
94 1
95 1
96 1
97 1
99 1
100 1
102 1
104 1
105 1
106 1
108 1
110 1
111 1
112 1
113 1
115 1
116 1
117 1
120 1
122 1
123 1
124 1
125 1
126 1
128 1
129 1
130 1
131 1
132 1
133 1
135 1
137 1
138 1
139 1
140 1
143 1
144 1
145 1
146 1
147 1
148 1
149 1
151 1
152 1
153 1
156 1
157 1
158 1
159 1
160 1
163 1
164 1
165 1
166 1
167 1
170 1
171 1
172 1
173 1
176 1
178 1
179 1
180 1
181 1
182 1
184 1
185 1
186 1
188 1
189 1
194 1
196 1

78 5
84 5
20 4
36 4
39 4
55 4
57 4
59 4
67 4
3 3
5 3
9 3
23 3
30 3
31 3
37 3
38 3
41 3
42 3
44 3
53 3
54 3
58 3
65 3
72 3
73 3
75 3
81 3
0 2
11 2
15 2
16 2
18 2
27 2
40 2
85 2
1 1
2 1
4 1
6 1
7 1
8 1
10 1
12 1
13 1
14 1
17 1
19 1
21 1
22 1
24 1
25 1
26 1
28 1
29 1
32 1
33 1
34 1
35 1

270 5
41 4
59 4
155 4
200 4
0 3
4 3
32 3
36 3
72 3
76 3
99 3
112 3
129 3
132 3
133 3
135 3
142 3
149 3
151 3
154 3
159 3
171 3
173 3
176 3
177 3

85 4
90 4
9 3
87 3
92 3
93 3
101 3
105 3
0 2
20 2
22 2
34 2
38 2
39 2
55 2
64 2
66 2
76 2
80 2
1 1
2 1
3 1
4 1
5 1
6 1
7 1
8 1
10 1
11 1
12 1
13 1
14 1
15 1
16 1
17 1
18 1
19 1
21 1
23 1
24 1
25 1
26 1
27 1
28 1
29 1
30 1
31 1
32 1
33 1
35 1
36 1
37 1
40 1
41 1
42 1
43 1
44 1
45 1
46 1
47 1
48 1
49 1
50 1
51 1
52 1

17 3
22 3
0 2
2 2
14 2
20 2
21 2
1 1
3 1
4 1
5 1
6 1

101 5
11 3
23 3
81 3
91 3
106 3
113 3
132 3
148 3
0 2
6 2
8 2
25 2
29 2
30 2
31 2
32 2
34 2
36 2
44 2
49 2
69 2
70 2
85 2
93 2

9 3
19 3

94 5
2 4
117 4
135 4
171 4
188 4
6 3
20 3
26 3
36 3
70 3
98 3
101 3
121 3
137 3
146 3
150 3
151 3
155 3
159 3
168 3
172 3
174 3
177 3
180 3
182 3
183 3
186 3
10 2
11 2
12 2
14 2
15 2
16 2
21 2
22 2
25 2
29 2
32 2
33 2
37 2
38 2
46 2
56 2
59 2
61 2
65 2
78 2
80 2
84 2
105 2
106 2
107 2
109 2
119 2
124 2
131 2
136 2
144 2
153 2
165 2
190 2
0 1
1 1
3 1
4 1
5 1
7 1
8 1
9 1
13 1
17 1
18 1
19 1
23 1
24 1
27 1
28 1
30 1
31 1
34 1
35 1
39 1
40 1
41 1
42 1
43 1
44 1
45 1
47 1
48 1
49 1
50 1
51 1
52 1
53 1
54 1
55 1
57 1
58 1
60 1
62 1
63 1
64 1
66 1
67 1
68 1
69 1
71 1
72 1
73 1
74 1
75 1
76 1
77 1
79 1
81 1
82 1
83 1
85 1
86 1
87 1
88 1
89 1
90 1
91 1
92 1
93 1
95 1
96 1
97 1
99 1
100 1
102 1
103 1
104 1
108 1
110 1
111 1
112 1
113 1
114 1
115 1
116 1
118 1
120 1
122 1
123 1
125 1
126 1
127 1
128 1
129 1
130 1
132 1
133 1
134 1
138 1
139 1
140 1
141 1
142 1
143 1
145 1
147 1
148 1
149 1
152 1
154 1
156 1
157 1
158 1
160 1
161 1
162 1
163 1
164 1
166 1
167 1
169 1
170 1
173 1
175 1
176 1
178 1

115 3
135 3
199 3
33 2
35 2
47 2
61 2
62 2
64 2
68 2
83 2
87 2
92 2
95 2
103 2
124 2
150 2
157 2
181 2
192 2
203 2
0 1
1 1
2 1
3 1
4 1
5 1
6 1
7 1
8 1
9 1
10 1
11 1
12 1
13 1
14 1
15 1
16 1
17 1
18 1
19 1
20 1
21 1
22 1
23 1
24 1
25 1
26 1
27 1
28 1
29 1
30 1

2 5
26 5
20 4
31 4
41 4
59 4
64 4
76 4
18 3
29 3
35 3
36 3
37 3
38 3
40 3
42 3
44 3
45 3
52 3
55 3
68 3
72 3
73 3
75 3
79 3
86 3
1 2
3 2
5 2
7 2
9 2
10 2
11 2
17 2
19 2
21 2
27 2
50 2
51 2
70 2
0 1
4 1
6 1
8 1
12 1
13 1
14 1
15 1
16 1
22 1
23 1
24 1
25 1
28 1
30 1
32 1
33 1
34 1
39 1
43 1
46 1
47 1
48 1
49 1
53 1
54 1
56 1
57 1
58 1
60 1
61 1
62 1
63 1
65 1
66 1
67 1
69 1
71 1
74 1
77 1
78 1
80 1

5 2
14 2
32 2
47 2
77 2
93 2
103 2
108 2
112 2
131 2
136 2
137 2
211 2
0 1
1 1
2 1
3 1
4 1
6 1
7 1
8 1
9 1
10 1
11 1
12 1
13 1
15 1
16 1
17 1
18 1
19 1
20 1
21 1
22 1
23 1
24 1
25 1
26 1
27 1
28 1
29 1
30 1
31 1
33 1
34 1
35 1
36 1
37 1
38 1
39 1
40 1
41 1
42 1
43 1
44 1
45 1
46 1
48 1
49 1
50 1
51 1
52 1
53 1
54 1
55 1
56 1
57 1
58 1
59 1
60 1
61 1
62 1
63 1
64 1
65 1
66 1
67 1
68 1
69 1
70 1
71 1
72 1
73 1
74 1
75 1
76 1
78 1
79 1
80 1
81 1
82 1
83 1
84 1
85 1
86 1
87 1
88 1
89 1
90 1
91 1
92 1
94 1
95 1
96 1
97 1
98 1
99 1
100 1
101 1
102 1
104 1
105 1
106 1
107 1
109 1
110 1
111 1
113 1
114 1
115 1
116 1
117 1
118 1
119 1
120 1
121 1
122 1
123 1
124 1
125 1

5 4
55 4
43 3
48 3
52 3
56 3
60 3
61 3
70 3
71 3
0 2
4 2
7 2
8 2
14 2
16 2
24 2
25 2
28 2
33 2
37 2
47 2
63 2
74 2

62 5
90 5
102 5
114 5
116 5
19 4
26 4
39 4
40 4
76 4
78 4
95 4
96 4
101 4
103 4
111 4
118 4
134 4
0 3
15 3
29 3
30 3
36 3
38 3
42 3
47 3
53 3
54 3
59 3
60 3
63 3
64 3
66 3
69 3
72 3
74 3
82 3
83 3
84 3
85 3
89 3
91 3
93 3
97 3
99 3
100 3
107 3
128 3
132 3
8 2
10 2
17 2
57 2
68 2
70 2
77 2
92 2
109 2
113 2
120 2
129 2
1 1
2 1
3 1
4 1
5 1
6 1
7 1
9 1
11 1
12 1
13 1
14 1
16 1
18 1
20 1
21 1
22 1
23 1
24 1
25 1
27 1
28 1
31 1
32 1
33 1
34 1
35 1

0 1
1 1
2 1
3 1
4 1
5 1
6 1
7 1
8 1
9 1
10 1
11 1
12 1
13 1
14 1
15 1
16 1
17 1
18 1
19 1
20 1
21 1
22 1
23 1
24 1
25 1

183 8
68 6
128 6
23 5
28 5
54 5
75 5
94 5
100 5
108 5
112 5
114 5
122 5
143 5
175 5
187 5
0 4
11 4
12 4
20 4
21 4
38 4
53 4
85 4
89 4
92 4
95 4
101 4
106 4
117 4
138 4
147 4
154 4
155 4
161 4
178 4
184 4
189 4
190 4
205 4
210 4
6 3
14 3
18 3
22 3
24 3
25 3
27 3
31 3
34 3
44 3
46 3
47 3
55 3
58 3
63 3
65 3
66 3
72 3
74 3
78 3
86 3
93 3
99 3
105 3
109 3
110 3
124 3
126 3
130 3

50 2
139 2
209 2
212 2
0 1
1 1
2 1
3 1
4 1
5 1
6 1
7 1
8 1
9 1
10 1
11 1
12 1
13 1
14 1
15 1
16 1

197 3
246 3
7 2
10 2
30 2
31 2
57 2
62 2
70 2
84 2
88 2
92 2
93 2
107 2
124 2
125 2
141 2
146 2
172 2
180 2
196 2
198 2
201 2
202 2
221 2
225 2
235 2
257 2
0 1
1 1
2 1
3 1
4 1
5 1
6 1
8 1
9 1
11 1
12 1
13 1
14 1
15 1
16 1
17 1
18 1
19 1
20 1
21 1
22 1
23 1
24 1
25 1
26 1
27 1
28 1
29 1
32 1
33 1
34 1
35 1
36 1
37 1
38 1
39 1
40 1
41 1
42 1
43 1
44 1
45 1
46 1
47 1
48 1
49 1
50 1
51 1
52 1
53 1
54 1
55 1
56 1
58 1
59 1
60 1
61 1
63 1
64 1
65 1
66 1
67 1
68 1
69 1
71 1
72 1
73 1
74 1
75 1
76 1
77 1
78 1
79 1
80 1
81 1
82 1
83 1

0 4

0 4
19 4
35 4
58 4
65 4
67 4
73 4
4 3
17 3
18 3
20 3
22 3
27 3
32 3
43 3
44 3
46 3
47 3
50 3
53 3
69 3
71 3
1 2
6 2
7 2
13 2
15 2
16 2
28 2
29 2
37 2
63 2
74 2
2 1
3 1
5 1
8 1
9 1
10 1

107 5
73 4
86 4
90 4
102 4
105 4
137 4
140 4
157 4
194 4
1 3
5 3
20 3
24 3
32 3
42 3
54 3
68 3
78 3
81 3
92 3
95 3
113 3
114 3
119 3
120 3
122 3
128 3
130 3
141 3
151 3
161 3
166 3
169 3
174 3
178 3
179 3
181 3
183 3
186 3
195 3
196 3
197 3
201 3
202 3
207 3
211 3
214 3
217 3
3 2
9 2
11 2
13 2
18 2
21 2
27 2
30 2
34 2
44 2
45 2
53 2
57 2
64 2
66 2
69 2
71 2
85 2
88 2
98 2
111 2
123 2
132 2
147 2
159 2
160 2
168 2
173 2
176 2
191 2
203 2
0 1
2 1
4 1
6 1
7 1
8 1
10 1
12 1
14 1
15 1
16 1
17 1
19 1
22 1
23 1
25 1
26 1
28 1
29 1
31 1
33 1
35 1
36 1
37 1
38 1
39 1
40 1
41 1
43 1
46 1
47 1
48 1
49 1
50 1
51 1
52 1
55 1
56 1
58 1
59 1
60 1
61 1
62 1
63 1
65 1
67 1
70 1
72 1
74 1
75 1
76 1
77 1
79 1
80 1
82 1
83 1
84 1
87 1
89 1
91 1
93 1
94 1
96 1
97 1
99 1
100 1
101 1
103 1
104 1
106 1
108 1
109 1
110 1
112 1
115 1
116 1
117 1
118 1
121 1
124 1
125 1
126 1
127 1
129 1
131 1
133 1
134 1
135 1
136 1
138 1
139 1
142 1
143 1
144 1
145 1
146 1
148 1
149 1
150 1
152 1
153 1
154 1
155 1
156 1
158 1
162 1
163 1
164 1
165 1
167 1
170 1
171 1
172 1
175 1
177 1
180 1
182 1
184 1
185 1
187 1
188 1
189 1
190 1
192 1
193 1
198 1
199 1
200 1
204 1
205 1
206 1
208 1
209 1
210 1
212 1
213 1
215 1
216 1
218 1
219 1
220 1
221 1
222 1
223 1
224 1
225 1

26 4
125 4
144 4
167 4
184 4
186 4
33 3
54 3
58 3
69 3
76 3
82 3
96 3
107 3
121 3
138 3
139 3
141 3
148 3
155 3
161 3
162 3
177 3
189 3
197 3
200 3
217 3
11 2
14 2
19 2
23 2
24 2
32 2
34 2
35 2
38 2
39 2
41 2
45 2
48 2
50 2
52 2
62 2
64 2
68 2
73 2
80 2
81 2
84 2
87 2
89 2
100 2
104 2
123 2
127 2
128 2
142 2
152 2
171 2
203 2
204 2
207 2
0 1
1 1
2 1
3 1
4 1
5 1
6 1
7 1
8 1
9 1
10 1
12 1
13 1
15 1
16 1
17 1
18 1
20 1
21 1
22 1
25 1
27 1
28 1
29 1
30 1
31 1
36 1
37 1
40 1
42 1
43 1
44 1
46 1
47 1
49 1
51 1
53 1
55 1
56 1
57 1
59 1
60 1
61 1
63 1
65 1
66 1
67 1
70 1
71 1
72 1
74 1
75 1
77 1
78 1
79 1
83 1
85 1
86 1
88 1
90 1
91 1
92 1
93 1
94 1
95 1
97 1
98 1
99 1
101 1
102 1
103 1

119 4
121 4
130 4
136 4
3 3
145 3
150 3
162 3
163 3
0 2
8 2
11 2
12 2
17 2
18 2
23 2
25 2
31 2
36 2
40 2
48 2
60 2
63 2
70 2
72 2
74 2
75 2
78 2
86 2
90 2
96 2
101 2
108 2
116 2
141 2
168 2
170 2
172 2
173 2
1 1
2 1
4 1
5 1
6 1
7 1
9 1
10 1
13 1
14 1
15 1
16 1
19 1
20 1
21 1
22 1
24 1
26 1
27 1
28 1
29 1
30 1
32 1
33 1
34 1
35 1
37 1
38 1
39 1
41 1
42 1
43 1
44 1
45 1
46 1
47 1
49 1
50 1
51 1
52 1
53 1
54 1
55 1
56 1
57 1
58 1
59 1
61 1
62 1
64 1
65 1
66 1
67 1
68 1
69 1
71 1
73 1
76 1
77 1
79 1
80 1
81 1
82 1
83 1
84 1
85 1
87 1
88 1
89 1
91 1
92 1
93 1
94 1
95 1
97 1
98 1
99 1
100 1
102 1
103 1
104 1
105 1
106 1
107 1
109 1
110 1
111 1
112 1
113 1
114 1
115 1
117 1
118 1
120 1
122 1
123 1
124 1
125 1
126 1
127 1
128 1
129 1
131 1
132 1
133 1
134 1
135 1
137 1
138 1
139 1
140 1
142 1

118 7
44 4
64 4
82 4
83 4
88 4
116 4
117 4
126 4
146 4
11 3
17 3
19 3
21 3
32 3
34 3
35 3
38 3
45 3
47 3
48 3
54 3
58 3
61 3
62 3
68 3

0 1
1 1
2 1
3 1
4 1
5 1
6 1
7 1
8 1
9 1
10 1
11 1
12 1
13 1
14 1
15 1

0 3

162 3
5 2
14 2
28 2
34 2
35 2
36 2

53 3
2 2
18 2
42 2
48 2
50 2
0 1
1 1
3 1
4 1
5 1
6 1
7 1
8 1
9 1
10 1
11 1
12 1
13 1
14 1
15 1
16 1
17 1
19 1
20 1
21 1
22 1
23 1

52 7
59 5

