2 2 2 2
2 3 4 5 6 7 8 9 10 11 12 13 14 15 16 17 18 19 20 21 22 23 24 25 26 27 28 29 30 31 32 33 34 35 36 37 38 39 40 41 42 43 44
2 6 36 360 5400 113400 3175200 114307200 5143824000 282910320000 18672081120000 1456422327360000 132534431789760000 -4530628735784751616 -8719870156593197056
10 30 30 -30 90 -450 3150 -28350 311850 -4054050 60810750 -1033782750 19641872250 -412479317250 9487024296750 -237175607418750 6403741400306250 -185708500608881250 5756963518875318750 -5512355385790002590
2 6 18 66 306 1746 11826 92466 818226 8075826 87909426 1045912626 13499954226 187856536626 2803205272626 44648785048626 756023641240626 13560771052696626 256850971870360626 5122654988223640626 -3375925110614789070 -5877246547964726222 -8067407385884625870 -5291035274833562574 8778035280314364978 5638988239969449010 -5328305554505075662 1182117453270610994 5516943941670007858 6434530077685052466 -2013787853267667918 4341199461888554034 -7305148022470740942 2547407130923365426 -3101299900764392398 -3540568230718606286 -1346752365314968526 8231274225185059890 -5607314293214415822 -5748532817906895822
34 34 34 34 34 34 34 34 34
2 3 4 5 6 7 8 9 10 11 12 13 14 15 16 17 18 19 20 21 22 23 24 25
2 6 36 360 5400 113400 3175200 114307200 5143824000 282910320000 18672081120000 1456422327360000
10 30 30 -30 90 -450 3150 -28350 311850 -4054050 60810750 -1033782750 19641872250 -412479317250 9487024296750 -237175607418750 6403741400306250 -185708500608881250 5756963518875318750 -5512355385790002590
14 84 1512 99792 30536352 53316470592 630520581220992 2961483842051591424 -1223375981255783936 -9025971389777579008 8917612309304420352 -2323579249309855744 8877628751905333248 6626832757388951552 -117866637691289600 -997023932495364096 5839079207938424832 -2983947074381021184 8077190756288692224 -5821041489713561600 8732029422974009344 -7943227329092780032 -3593642571928174592 1604824132841635840 -7300538740458389504 -7290397275069612032 -6307902840002052096 -5893160761206767616 -1216260192090456064 -8879776340023181312 8029993222367346688 -7921875119419424768 2575407569166139392 4803600223957942272 9191670539645616128 -2673784886002712576 -7224155745153974272 -8573543897286836224 3319621867081302016 105074828708413440
2 3 4 5 6 7 8 9 10 11 12 13 14 15 16 17 18 19 20 21 22 23 24 25 26 27 28 29 30 31 32 33 34 35 36 37 38 39 40 41 42 43 44
2 6 36 360 5400 113400 3175200 114307200 5143824000 282910320000 18672081120000 1456422327360000 132534431789760000 -4530628735784751616 -8719870156593197056
10 30 30 -30 90 -450 3150 -28350 311850 -4054050 60810750 -1033782750 19641872250 -412479317250 9487024296750 -237175607418750 6403741400306250 -185708500608881250 5756963518875318750 -5512355385790002590
8 96 4608 1105920 1592524800 16052649984000 1294485694709760000 -6737881472046202880 -5771644397452001280 -1873497444986126336 0 0 0 0 0 0 0 0 0
